0 0.269922 0.507639 0.0429688 0.0236111
0 0.411328 0.491667 0.0179687 0.0166667
0 0.397266 0.491667 0.0132813 0.0166667
0 0.517187 0.494444 0.0125 0.0166667
0 0.38125 0.498611 0.0203125 0.0194444
0 0.501172 0.500694 0.0195312 0.0263889
0 0.532031 0.496528 0.0140625 0.0236111
0 0.729688 0.498611 0.05625 0.0583333
0 0.285937 0.506944 0.04375 0.025
0 0.226172 0.507639 0.0460938 0.0347222
0 0.610156 0.495139 0.0140625 0.0180556
0 0.577344 0.495833 0.0265625 0.0388889
0 0.866016 0.599306 0.267969 0.295833
