0 0.434375 0.484722 0.0125 0.0111111
0 0.292969 0.501389 0.0203125 0.0194444
0 0.410937 0.485417 0.015625 0.0152778
0 0.603906 0.475 0.0109375 0.0194444
0 0.467969 0.500694 0.040625 0.0625
0 0.357812 0.495833 0.034375 0.0305556
0 0.0796875 0.520139 0.0609375 0.0402778
0 0.261328 0.502778 0.0648438 0.0388889
0 0.33125 0.495833 0.015625 0.0166667
0 0.576563 0.488194 0.01875 0.0291667
0 0.539844 0.480556 0.0484375 0.108333
0 0.381641 0.513889 0.0585938 0.0611111
0 0.0890625 0.625 0.178125 0.216667
