0 0.524219 0.471528 0.0109375 0.0180556
0 0.270312 0.488194 0.021875 0.0180556
0 0.55 0.471528 0.0125 0.0180556
0 0.495313 0.458333 0.0125 0.0194444
0 0.366406 0.475 0.0140625 0.0111111
0 0.466406 0.465972 0.0109375 0.0125
0 0.460938 0.461806 0.015625 0.0180556
0 0.560938 0.480556 0.015625 0.0222222
0 0.5125 0.481944 0.01875 0.025
0 0.305469 0.498611 0.040625 0.0305556
0 0.393359 0.481944 0.0179687 0.0222222
0 0.235547 0.504167 0.0492188 0.0361111
0 0.0460938 0.532639 0.0921875 0.0902778
0 0.542578 0.506944 0.0351562 0.0472222
0 0.586719 0.490278 0.0296875 0.0444444
0 0.458594 0.522222 0.0515625 0.0638889
