0 0.565625 0.468056 0.0125 0.0194444
0 0.366406 0.486111 0.0578125 0.0611111
0 0.547656 0.475694 0.0109375 0.0180556
0 0.576563 0.474306 0.0109375 0.0152778
0 0.453906 0.484722 0.0171875 0.0222222
0 0.396875 0.49375 0.021875 0.0236111
0 0.371875 0.50625 0.034375 0.0291667
0 0.430469 0.491667 0.0203125 0.0222222
0 0.589844 0.481944 0.0171875 0.0222222
0 0.306641 0.522917 0.0742188 0.0625
0 0.647266 0.513194 0.0789063 0.0986111
0 0.116797 0.536806 0.0914062 0.0625
0 0.810938 0.530556 0.10625 0.0833333
