0 0.438281 0.486111 0.0265625 0.0222222
0 0.385547 0.486806 0.0367187 0.0236111
0 0.442578 0.485417 0.0148437 0.0152778
0 0.161719 0.509028 0.0453125 0.0291667
0 0.304688 0.495139 0.03125 0.0263889
0 0.336328 0.477083 0.0289063 0.0291667
0 0.517578 0.481944 0.00859375 0.0138889
0 0.0433594 0.509028 0.0867188 0.0430556
0 0.2125 0.502778 0.065625 0.0361111
0 0.528516 0.482639 0.0117188 0.0180556
0 0.134375 0.5125 0.059375 0.0333333
0 0.549219 0.489583 0.0265625 0.0402778
0 0.355078 0.510417 0.0539063 0.0458333
0 0.117969 0.618056 0.235938 0.180556
