0 0.00976562 0.550694 0.0195312 0.0291667
0 0.307813 0.504861 0.0328125 0.0263889
0 0.521094 0.488889 0.0109375 0.0166667
0 0.383594 0.5 0.0234375 0.0166667
0 0.334375 0.505556 0.01875 0.0166667
0 0.255078 0.503472 0.0429688 0.0402778
0 0.287109 0.510417 0.0304688 0.0236111
0 0.780469 0.466667 0.034375 0.025
0 0.535937 0.488889 0.009375 0.0138889
0 0.509766 0.491667 0.0179687 0.025
0 0.55625 0.490278 0.009375 0.0138889
0 0.602734 0.485417 0.0148437 0.0236111
0 0.0847656 0.529167 0.0570313 0.0361111
0 0.181641 0.5125 0.0570313 0.05
0 0.798437 0.506944 0.078125 0.0638889
0 0.485156 0.505556 0.0375 0.0555556
