0 0.454688 0.488194 0.009375 0.00972222
0 0.53125 0.483333 0.009375 0.0138889
0 0.516406 0.483333 0.0109375 0.0166667
0 0.548828 0.484722 0.0101562 0.0138889
0 0.422266 0.493056 0.0148437 0.0138889
0 0.386719 0.494444 0.0171875 0.0166667
0 0.630859 0.479167 0.0164062 0.025
0 0.506641 0.4875 0.0164062 0.025
0 0.326172 0.496528 0.0257812 0.0263889
0 0.277344 0.502778 0.04375 0.0305556
0 0.479688 0.501389 0.0375 0.0527778
0 0.874219 0.508333 0.114063 0.0777778
0 0.215234 0.514583 0.0429688 0.0319444
