0 0.628125 0.469444 0.009375 0.0111111
0 0.578125 0.46875 0.009375 0.0125
0 0.0226563 0.830556 0.0453125 0.333333
0 0.382422 0.484028 0.0210938 0.0180556
0 0.435547 0.475694 0.0101562 0.0125
0 0.366797 0.486111 0.0195312 0.0194444
0 0.348828 0.490278 0.0242187 0.0222222
0 0.225391 0.503472 0.0914062 0.0541667
0 0.0488281 0.533333 0.0976562 0.0805556
0 0.411719 0.482639 0.0171875 0.0180556
0 0.612109 0.470139 0.0148437 0.0236111
0 0.500781 0.486111 0.0140625 0.0222222
0 0.472266 0.494444 0.0414063 0.0638889
0 0.544922 0.477778 0.0570313 0.122222
