0 0.401953 0.482639 0.0117188 0.0152778
0 0.455469 0.479167 0.0203125 0.025
0 0.142578 0.497917 0.0382813 0.0263889
0 0.336328 0.491667 0.0210938 0.0194444
0 0.358594 0.490972 0.01875 0.0180556
0 0.271875 0.492361 0.01875 0.0208333
0 0.496094 0.484028 0.0109375 0.0180556
0 0.246484 0.492361 0.0398437 0.0319444
0 0.174219 0.502778 0.0578125 0.0361111
0 0.308594 0.488194 0.028125 0.0291667
0 0.0941406 0.501389 0.0632813 0.0416667
0 0.414844 0.494444 0.0234375 0.0277778
0 0.0164062 0.511806 0.0328125 0.0625
0 0.0582031 0.652778 0.114844 0.227778
0 0.463281 0.514583 0.0453125 0.0625
0 0.312891 0.608333 0.192969 0.194444
