0 0.277734 0.497222 0.0242187 0.0222222
0 0.319922 0.490278 0.0148437 0.0166667
0 0.43125 0.486806 0.015625 0.0180556
0 0.403906 0.486806 0.015625 0.0180556
0 0.378906 0.488194 0.0171875 0.0152778
0 0.297656 0.490972 0.0234375 0.0236111
0 0.366016 0.4875 0.0195312 0.0166667
0 0.171094 0.504861 0.0546875 0.0375
0 0.257812 0.493056 0.021875 0.0194444
0 0.223047 0.496528 0.0398437 0.0319444
0 0.485156 0.483333 0.0171875 0.0222222
0 0.45625 0.481944 0.009375 0.0138889
0 0.332422 0.488889 0.0242187 0.025
0 0.0289063 0.519444 0.0578125 0.0583333
0 0.103906 0.505556 0.08125 0.0555556
0 0.473437 0.505556 0.03125 0.0444444
0 0.292188 0.545833 0.114063 0.108333
0 0.408203 0.543056 0.0835937 0.105556
