0 0.408594 0.491667 0.0203125 0.0194444
0 0.184375 0.477778 0.145313 0.0833333
0 0.551562 0.483333 0.0109375 0.0166667
0 0.603516 0.480556 0.0101562 0.0138889
0 0.544141 0.4875 0.0195312 0.0277778
0 0.0308594 0.524306 0.0617188 0.0708333
0 0.591406 0.483333 0.0109375 0.0166667
0 0.572266 0.486111 0.0148437 0.0222222
0 0.488281 0.4875 0.0359375 0.0555556
0 0.523828 0.527778 0.0507812 0.0611111
0 0.632812 0.493056 0.03125 0.0388889
0 0.806641 0.508333 0.0976562 0.0861111
0 0.158203 0.640278 0.314844 0.275
