0 0.510156 0.472917 0.0140625 0.0291667
0 0.0171875 0.515972 0.034375 0.0541667
0 0.256641 0.500694 0.0242187 0.0208333
0 0.369531 0.4875 0.0328125 0.0305556
0 0.222656 0.508333 0.0265625 0.0194444
0 0.496094 0.48125 0.0109375 0.0152778
0 0.186328 0.508333 0.0398437 0.0277778
0 0.304688 0.489583 0.04375 0.0319444
0 0.144531 0.513194 0.0453125 0.0319444
0 0.533594 0.473611 0.0140625 0.025
0 0.421875 0.491667 0.025 0.0277778
0 0.466016 0.488194 0.0195312 0.0263889
0 0.520312 0.494444 0.025 0.0333333
0 0.383594 0.513194 0.0578125 0.0625
