0 0.494922 0.483333 0.0101562 0.0111111
0 0.480469 0.488194 0.0125 0.0125
0 0.563281 0.486806 0.0109375 0.0152778
0 0.598437 0.490278 0.015625 0.0194444
0 0.665625 0.495139 0.015625 0.0208333
0 0.358594 0.496528 0.0359375 0.0347222
0 0.348828 0.490278 0.0242187 0.0277778
0 0.653906 0.502778 0.0203125 0.025
0 0.581641 0.488194 0.0101562 0.0152778
0 0.741016 0.511806 0.0585938 0.0486111
0 0.695312 0.496528 0.0171875 0.0208333
0 0.369141 0.501389 0.0335938 0.0361111
0 0.419531 0.496528 0.0265625 0.0319444
0 0.2625 0.502778 0.05 0.0388889
0 0.635938 0.505556 0.040625 0.0416667
0 0.0683594 0.548611 0.136719 0.113889
0 0.838281 0.526389 0.157813 0.136111
