0 0.528125 0.490278 0.0109375 0.0138889
0 0.495313 0.49375 0.0125 0.0208333
0 0.443359 0.494444 0.0132813 0.0166667
0 0.545313 0.498611 0.021875 0.0277778
0 0.386719 0.502083 0.01875 0.0208333
0 0.601172 0.497222 0.0273438 0.0388889
0 0.714063 0.498611 0.046875 0.0416667
0 0.564062 0.490972 0.0140625 0.0208333
0 0.471094 0.501389 0.0203125 0.0305556
0 0.511719 0.497222 0.01875 0.0277778
0 0.334375 0.510417 0.021875 0.0236111
0 0.915234 0.609028 0.169531 0.401389
0 0.129297 0.520833 0.107031 0.0861111
0 0.633594 0.502778 0.0515625 0.0666667
