0 0.165234 0.511806 0.0601562 0.0375
0 0.419531 0.493056 0.0140625 0.0138889
0 0.105859 0.524306 0.102344 0.0486111
0 0.479297 0.491667 0.0117188 0.0166667
0 0.519922 0.482639 0.0117188 0.0208333
0 0.501562 0.479861 0.0171875 0.0375
0 0.396484 0.49375 0.0226563 0.0208333
0 0.0246094 0.528472 0.0492188 0.0458333
0 0.373828 0.489583 0.0179687 0.0291667
0 0.301172 0.504167 0.0195312 0.0194444
0 0.332031 0.497917 0.0296875 0.0263889
0 0.197656 0.545833 0.126563 0.0972222
0 0.533594 0.486806 0.0171875 0.0291667
0 0.255469 0.504167 0.0515625 0.0305556
0 0.456641 0.497222 0.0226563 0.0277778
0 0.109375 0.797222 0.215625 0.405556
