0 0.505859 0.483333 0.00859375 0.0111111
0 0.0597656 0.535417 0.0601562 0.0458333
0 0.273047 0.511111 0.0210938 0.0222222
0 0.323828 0.506944 0.0226563 0.0222222
0 0.491406 0.5 0.0265625 0.0333333
0 0.224219 0.517361 0.0453125 0.0402778
0 0.287109 0.511111 0.0398437 0.025
0 0.545313 0.482639 0.00625 0.00972222
0 0.610937 0.484722 0.015625 0.025
0 0.45 0.516667 0.0671875 0.0888889
0 0.105469 0.530556 0.071875 0.0555556
0 0.577344 0.492361 0.0203125 0.0291667
0 0.169922 0.525694 0.0632813 0.0458333
