0 0.578125 0.469444 0.009375 0.0138889
0 0.396875 0.494444 0.0140625 0.0166667
0 0.417578 0.491667 0.0179687 0.0138889
0 0.376172 0.497222 0.0242187 0.0277778
0 0.616406 0.482639 0.0171875 0.0236111
0 0.347656 0.491667 0.0296875 0.0333333
0 0.326953 0.504861 0.0289063 0.0263889
0 0.769922 0.501389 0.0695312 0.0666667
0 0.534375 0.484722 0.0125 0.0194444
0 0.225781 0.514583 0.08125 0.0597222
0 0.566406 0.4875 0.0171875 0.025
0 0.603516 0.488194 0.0226563 0.0291667
0 0.707812 0.484722 0.04375 0.0416667
0 0.284766 0.515278 0.0507812 0.0416667
