0 0.732813 0.483333 0.0328125 0.0277778
0 0.500781 0.473611 0.0140625 0.0222222
0 0.245312 0.498611 0.040625 0.025
0 0.617969 0.461806 0.0109375 0.0125
0 0.453906 0.463194 0.0078125 0.00972222
0 0.413281 0.502083 0.040625 0.0458333
0 0.433594 0.46875 0.0109375 0.0125
0 0.410156 0.484028 0.0359375 0.0402778
0 0.638281 0.466667 0.0171875 0.0222222
0 0.404687 0.472222 0.01875 0.0194444
0 0.467969 0.477778 0.01875 0.0277778
0 0.345313 0.483333 0.0265625 0.0222222
0 0.514844 0.484722 0.0265625 0.0388889
