0 0.239844 0.497222 0.107813 0.0611111
0 0.583594 0.478472 0.0171875 0.0208333
0 0.415234 0.493056 0.0148437 0.0138889
0 0.605078 0.467361 0.00859375 0.0125
0 0.276563 0.497917 0.053125 0.0430556
0 0.746094 0.454861 0.0265625 0.0291667
0 0.575781 0.479861 0.0140625 0.0208333
0 0.551172 0.501389 0.0335938 0.0472222
0 0.591406 0.475 0.0109375 0.0166667
0 0.219922 0.506944 0.0679687 0.0472222
0 0.385156 0.488889 0.0171875 0.0166667
0 0.321094 0.502778 0.0375 0.0277778
0 0.5125 0.49375 0.028125 0.0375
0 0.439063 0.508333 0.04375 0.0444444
