0 0.964063 0.528472 0.0703125 0.109722
0 0.610156 0.476389 0.0109375 0.0138889
0 0.648438 0.48125 0.0125 0.0180556
0 0.572656 0.471528 0.0078125 0.00972222
0 0.0476562 0.515278 0.0953125 0.0694444
0 0.628906 0.479167 0.0109375 0.0138889
0 0.460156 0.479861 0.0140625 0.0180556
0 0.545313 0.475694 0.009375 0.0125
0 0.665625 0.501389 0.0375 0.0388889
0 0.895703 0.691667 0.207031 0.377778
0 0.51875 0.46875 0.0234375 0.0291667
0 0.7625 0.506944 0.05625 0.05
0 0.285937 0.518056 0.071875 0.0638889
0 0.161328 0.529167 0.102344 0.0666667
