0 0.885938 0.446528 0.0390625 0.0291667
0 0.638281 0.476389 0.0140625 0.0194444
0 0.523438 0.479861 0.0125 0.0125
0 0.55625 0.470833 0.009375 0.00833333
0 0.597266 0.463889 0.0132813 0.0194444
0 0.760156 0.486111 0.0234375 0.025
0 0.621094 0.476389 0.0109375 0.0166667
0 0.607031 0.475 0.0109375 0.0166667
0 0.489844 0.484722 0.01875 0.0222222
0 0.4375 0.486111 0.01875 0.0222222
0 0.654688 0.496528 0.0375 0.0458333
0 0.7125 0.497222 0.040625 0.0388889
0 0.819531 0.484722 0.034375 0.0305556
0 0.0527344 0.545833 0.105469 0.102778
0 0.382031 0.495139 0.0328125 0.0319444
0 0.915625 0.548611 0.167187 0.202778
