0 0.535937 0.46875 0.009375 0.0125
0 0.203906 0.495139 0.0578125 0.0402778
0 0.441797 0.475694 0.0148437 0.0152778
0 0.231641 0.502778 0.0554687 0.0333333
0 0.342969 0.492361 0.0265625 0.0208333
0 0.501953 0.475694 0.0148437 0.0208333
0 0.120312 0.515972 0.0578125 0.0402778
0 0.560547 0.468056 0.0179687 0.0333333
0 0.0917969 0.522222 0.0445312 0.0333333
0 0.295703 0.494444 0.0398437 0.0277778
0 0.0398437 0.522222 0.0796875 0.05
0 0.396484 0.494444 0.0429688 0.05
0 0.459375 0.495139 0.0359375 0.0375
