0 0.535937 0.479167 0.01875 0.025
0 0.439063 0.476389 0.0125 0.0138889
0 0.507031 0.477083 0.0140625 0.0208333
0 0.417188 0.476389 0.0140625 0.0138889
0 0.59375 0.486111 0.015625 0.0166667
0 0.224219 0.493056 0.034375 0.0277778
0 0.669922 0.498611 0.0367187 0.0472222
0 0.532031 0.504167 0.0265625 0.0361111
0 0.490625 0.491667 0.021875 0.0333333
0 0.186719 0.495139 0.053125 0.0319444
0 0.346875 0.480556 0.028125 0.025
0 0.292578 0.484722 0.0273438 0.0305556
0 0.636328 0.517361 0.0679687 0.0847222
