0 0.338281 0.468056 0.0109375 0.0138889
0 0.358594 0.475694 0.0140625 0.0180556
0 0.541797 0.473611 0.0164062 0.0166667
0 0.383203 0.475694 0.0210938 0.0208333
0 0.435937 0.472222 0.0109375 0.0138889
0 0.366406 0.48125 0.015625 0.0208333
0 0.123828 0.513194 0.122656 0.0736111
0 0.214062 0.496528 0.0609375 0.0375
0 0.344531 0.483333 0.015625 0.0194444
0 0.784766 0.495833 0.0789063 0.0666667
0 0.494922 0.484722 0.0179687 0.025
0 0.4625 0.488889 0.0234375 0.0333333
0 0.567969 0.492361 0.0328125 0.0402778
0 0.864062 0.528472 0.175 0.1375
