0 0.341797 0.495833 0.0351562 0.025
0 0.0570313 0.490278 0.103125 0.0583333
0 0.0171875 0.508333 0.034375 0.05
0 0.355859 0.495833 0.0273438 0.025
0 0.415625 0.489583 0.0125 0.0152778
0 0.45625 0.486111 0.0125 0.0111111
0 0.435547 0.486111 0.0117188 0.0138889
0 0.501562 0.484722 0.009375 0.0138889
0 0.0144531 0.469444 0.0289063 0.0472222
0 0.403906 0.492361 0.0171875 0.0152778
0 0.553906 0.48125 0.0125 0.0180556
0 0.513672 0.485417 0.0117188 0.0180556
0 0.657031 0.502083 0.0421875 0.0402778
0 0.533203 0.501389 0.0289063 0.0416667
0 0.170312 0.518056 0.0703125 0.0472222
