0 0.291797 0.445833 0.0164062 0.0194444
0 0.116016 0.547222 0.124219 0.0638889
0 0.584375 0.470833 0.0125 0.0166667
0 0.433203 0.481944 0.0148437 0.0138889
0 0.221484 0.447222 0.0195312 0.0166667
0 0.255078 0.441667 0.0289063 0.0222222
0 0.191406 0.445139 0.03125 0.0208333
0 0.499219 0.486806 0.0203125 0.0319444
0 0.567578 0.463889 0.0273438 0.0666667
0 0.35 0.560417 0.146875 0.170833
0 0.215234 0.509722 0.0617188 0.0416667
0 0.670313 0.497917 0.053125 0.0597222
0 0.622656 0.490278 0.0265625 0.0333333
0 0.535547 0.518056 0.0539063 0.0805556
