0 0.233984 0.446528 0.0164062 0.0125
0 0.204297 0.443056 0.0289063 0.0166667
0 0.490234 0.471528 0.0132813 0.0152778
0 0.19375 0.441667 0.034375 0.0194444
0 0.735937 0.498611 0.078125 0.0777778
0 0.233594 0.497917 0.0515625 0.0375
0 0.402344 0.482639 0.0203125 0.0236111
0 0.527344 0.479167 0.0203125 0.0305556
0 0.587109 0.459028 0.0289063 0.0652778
0 0.551562 0.513194 0.059375 0.0902778
0 0.113672 0.519444 0.182031 0.0944444
0 0.670313 0.486111 0.03125 0.0388889
0 0.460156 0.509028 0.0578125 0.0819444
