0 0.603516 0.482639 0.0195312 0.0208333
0 0.4875 0.477083 0.0125 0.0152778
0 0.391406 0.478472 0.0140625 0.0180556
0 0.385156 0.475 0.0109375 0.0166667
0 0.397266 0.480556 0.0117188 0.0138889
0 0.412109 0.48125 0.0132813 0.0180556
0 0.624219 0.493056 0.0359375 0.0361111
0 0.550781 0.482639 0.0140625 0.0208333
0 0.528906 0.485417 0.0171875 0.0208333
0 0.582812 0.488194 0.025 0.0263889
0 0.0480469 0.525 0.0960938 0.0722222
0 0.341406 0.476389 0.0484375 0.0666667
0 0.196875 0.520139 0.1 0.0763889
0 0.871094 0.613194 0.257812 0.2375
