0 0.603125 0.473611 0.009375 0.0138889
0 0.473437 0.470833 0.0125 0.0111111
0 0.358594 0.473611 0.0171875 0.0222222
0 0.457812 0.476389 0.0140625 0.0138889
0 0.582812 0.475694 0.009375 0.0152778
0 0.373047 0.478472 0.0273438 0.0263889
0 0.432422 0.473611 0.0117188 0.0138889
0 0.539844 0.497222 0.0265625 0.0388889
0 0.409375 0.476389 0.0171875 0.0194444
0 0.314063 0.497222 0.0421875 0.0333333
0 0.121484 0.502083 0.0804688 0.0569444
0 0.339844 0.482639 0.0359375 0.0347222
0 0.605859 0.50625 0.0367187 0.0458333
0 0.394531 0.548611 0.0984375 0.119444
