0 0.405859 0.492361 0.0195312 0.0152778
0 0.476562 0.483333 0.009375 0.0111111
0 0.0453125 0.55 0.0875 0.0888889
0 0.377344 0.495139 0.0171875 0.0180556
0 0.342969 0.502083 0.04375 0.0291667
0 0.627734 0.484028 0.0179687 0.0236111
0 0.561719 0.488194 0.0140625 0.0180556
0 0.298438 0.505556 0.0296875 0.0222222
0 0.506641 0.488194 0.0148437 0.0236111
0 0.814844 0.496528 0.0640625 0.0430556
0 0.117578 0.510417 0.0710938 0.0680556
0 0.216797 0.514583 0.0492188 0.0375
0 0.0449219 0.641667 0.0867188 0.275
0 0.533203 0.491667 0.0195312 0.0305556
0 0.589063 0.495833 0.03125 0.0416667
0 0.441797 0.528472 0.0585938 0.0680556
