0 0.338672 0.49375 0.0257812 0.0180556
0 0.469922 0.479861 0.0117188 0.0125
0 0.367969 0.490278 0.0203125 0.0194444
0 0.5625 0.484722 0.0125 0.0194444
0 0.148828 0.510417 0.0726563 0.0458333
0 0.287891 0.497222 0.0257812 0.0222222
0 0.307031 0.495833 0.03125 0.025
0 0.0636719 0.522222 0.0632813 0.0444444
0 0.0210938 0.526389 0.040625 0.0666667
0 0.504687 0.488889 0.01875 0.0277778
0 0.233984 0.503472 0.0351562 0.0263889
0 0.410937 0.495139 0.03125 0.0319444
0 0.5375 0.474306 0.021875 0.0486111
0 0.459375 0.521528 0.053125 0.0652778
