0 0.577734 0.486111 0.0117188 0.0166667
0 0.559375 0.493056 0.01875 0.0305556
0 0.519531 0.483333 0.015625 0.0166667
0 0.632031 0.486111 0.0109375 0.0166667
0 0.463281 0.495139 0.0234375 0.0180556
0 0.611719 0.484028 0.0140625 0.0208333
0 0.671094 0.484722 0.0171875 0.025
0 0.126172 0.520833 0.125781 0.0833333
0 0.503906 0.502778 0.0296875 0.0388889
0 0.594531 0.502778 0.0296875 0.0388889
0 0.803906 0.526389 0.0890625 0.0666667
0 0.924219 0.577778 0.148438 0.241667
0 0.546875 0.509722 0.0390625 0.0527778
