0 0.547656 0.481944 0.0078125 0.0111111
0 0.222266 0.505556 0.0289063 0.025
0 0.260547 0.48125 0.0242187 0.0208333
0 0.521875 0.483333 0.009375 0.0111111
0 0.466406 0.488194 0.009375 0.00972222
0 0.435937 0.486111 0.0125 0.0111111
0 0.535156 0.48125 0.0078125 0.0125
0 0.287109 0.50625 0.0539063 0.0402778
0 0.385938 0.498611 0.0234375 0.0194444
0 0.207031 0.495833 0.03125 0.0277778
0 0.419531 0.490278 0.0140625 0.0138889
0 0.50625 0.490972 0.01875 0.0291667
0 0.244141 0.5125 0.0429688 0.0361111
0 0.642187 0.493056 0.034375 0.0416667
0 0.609766 0.504861 0.0429688 0.0513889
0 0.889844 0.526389 0.215625 0.163889
