0 0.606641 0.488889 0.0132813 0.0166667
0 0.783594 0.521528 0.0671875 0.0875
0 0.514453 0.492361 0.0132813 0.0180556
0 0.434766 0.495833 0.0179687 0.0194444
0 0.169141 0.510417 0.0695312 0.0541667
0 0.542969 0.518056 0.0578125 0.0694444
0 0.367188 0.495833 0.0203125 0.0194444
0 0.54375 0.478472 0.059375 0.131944
0 0.453906 0.502083 0.0265625 0.0319444
0 0.494922 0.498611 0.0257812 0.0333333
0 0.594531 0.495833 0.0203125 0.025
0 0.401563 0.514583 0.05 0.0513889
0 0.13125 0.694444 0.2625 0.438889
0 0.261719 0.531944 0.154687 0.136111
0 0.716406 0.542361 0.154687 0.165278
