0 0.203125 0.513889 0.046875 0.0277778
0 0.327734 0.497222 0.0351562 0.0222222
0 0.410547 0.481944 0.0179687 0.0194444
0 0.578516 0.470833 0.00859375 0.0138889
0 0.395703 0.484722 0.0164062 0.0166667
0 0.439063 0.480556 0.0125 0.0138889
0 0.364062 0.488889 0.034375 0.025
0 0.290625 0.501389 0.04375 0.0305556
0 0.612109 0.473611 0.0148437 0.0222222
0 0.0484375 0.529861 0.0640625 0.0347222
0 0.498437 0.488889 0.015625 0.0222222
0 0.469531 0.497222 0.0421875 0.0666667
0 0.235547 0.511806 0.0445312 0.0319444
0 0.54375 0.479167 0.05625 0.122222
