0 0.455469 0.480556 0.0140625 0.0111111
0 0.323438 0.495139 0.0265625 0.0236111
0 0.440625 0.480556 0.0125 0.0111111
0 0.54375 0.482639 0.0078125 0.00972222
0 0.413281 0.486111 0.0171875 0.0138889
0 0.373437 0.4875 0.0171875 0.0166667
0 0.518359 0.485417 0.0101562 0.0152778
0 0.346875 0.493056 0.01875 0.0194444
0 0.554297 0.484722 0.0101562 0.0138889
0 0.801953 0.473611 0.396094 0.791667
0 0.497656 0.484028 0.0140625 0.0208333
0 0.532031 0.49375 0.0171875 0.0263889
0 0.592188 0.503472 0.03125 0.0347222
0 0.176953 0.643056 0.353906 0.330556
