0 0.519531 0.483333 0.0078125 0.0111111
0 0.540625 0.484722 0.009375 0.0138889
0 0.430469 0.490972 0.0109375 0.0125
0 0.480078 0.500694 0.0351562 0.0486111
0 0.235547 0.515278 0.0570313 0.0361111
0 0.530859 0.488889 0.0101562 0.0166667
0 0.317187 0.502083 0.021875 0.0180556
0 0.50625 0.484028 0.009375 0.0125
0 0.458594 0.495139 0.0234375 0.0347222
0 0.204297 0.508333 0.0601562 0.0444444
0 0.560938 0.493056 0.01875 0.025
0 0.394922 0.490972 0.0242187 0.0208333
0 0.114453 0.520139 0.0898438 0.0541667
