0 0.387891 0.490278 0.0242187 0.0277778
0 0.410937 0.483333 0.009375 0.0138889
0 0.634375 0.472222 0.009375 0.0138889
0 0.373437 0.496528 0.034375 0.0402778
0 0.428125 0.481944 0.01875 0.0194444
0 0.433203 0.483333 0.0132813 0.0166667
0 0.477734 0.480556 0.00859375 0.0111111
0 0.423047 0.484722 0.0132813 0.0166667
0 0.644531 0.473611 0.0125 0.0194444
0 0.392188 0.4875 0.015625 0.0194444
0 0.453125 0.481944 0.0125 0.0166667
0 0.49375 0.481944 0.009375 0.0138889
0 0.356641 0.494444 0.0195312 0.0277778
0 0.158594 0.533333 0.135937 0.1
0 0.0851562 0.518056 0.114063 0.0833333
0 0.526563 0.491667 0.021875 0.0361111
0 0.233594 0.518056 0.140625 0.102778
0 0.619141 0.490278 0.0289063 0.0361111
0 0.565625 0.486111 0.028125 0.0444444
0 0.885938 0.520139 0.14375 0.0986111
0 0.444531 0.536806 0.0703125 0.0875
