0 0.432813 0.483333 0.0109375 0.0111111
0 0.554297 0.481944 0.0132813 0.0222222
0 0.420312 0.485417 0.0140625 0.0125
0 0.246875 0.500694 0.059375 0.0375
0 0.532812 0.475 0.01875 0.0388889
0 0.392969 0.485417 0.0140625 0.0125
0 0.447656 0.482639 0.0109375 0.0125
0 0.538281 0.481944 0.0234375 0.0416667
0 0.317187 0.494444 0.025 0.0222222
0 0.471484 0.483333 0.0117188 0.0166667
0 0.360156 0.480556 0.0515625 0.0444444
0 0.545703 0.491667 0.0226563 0.0333333
0 0.228906 0.479167 0.126563 0.0805556
0 0.495313 0.49375 0.0234375 0.0347222
