0 0.592188 0.481944 0.0109375 0.0138889
0 0.982813 0.551389 0.0328125 0.0805556
0 0.978906 0.492361 0.040625 0.0847222
0 0.429297 0.490972 0.0257812 0.0263889
0 0.197656 0.494444 0.167187 0.130556
0 0.554688 0.484028 0.0109375 0.0125
0 0.453906 0.490972 0.0140625 0.0180556
0 0.210547 0.521528 0.113281 0.0791667
0 0.401172 0.502083 0.0273438 0.0291667
0 0.508594 0.493056 0.0171875 0.025
0 0.540625 0.494444 0.021875 0.0277778
0 0.582031 0.494444 0.0234375 0.0305556
0 0.361328 0.503472 0.0273438 0.0263889
0 0.645312 0.484722 0.0296875 0.0361111
0 0.775 0.575 0.209375 0.216667
