0 0.492969 0.472222 0.0078125 0.0111111
0 0.556641 0.479167 0.00859375 0.0111111
0 0.574219 0.479167 0.0078125 0.0111111
0 0.528125 0.475694 0.009375 0.0152778
0 0.502734 0.472917 0.00859375 0.00972222
0 0.157422 0.518056 0.0554687 0.0472222
0 0.102344 0.54375 0.134375 0.0763889
0 0.461719 0.48125 0.0171875 0.0208333
0 0.590625 0.482639 0.015625 0.0236111
0 0.541016 0.496528 0.0289063 0.0458333
0 0.417188 0.489583 0.025 0.0291667
0 0.363672 0.4875 0.0289063 0.0361111
0 0.627734 0.510417 0.0507812 0.0625
0 0.278906 0.620833 0.226562 0.213889
