0 0.573438 0.469444 0.0140625 0.0166667
0 0.421094 0.477778 0.0140625 0.0166667
0 0.367578 0.480556 0.0320312 0.0388889
0 0.622266 0.4875 0.0320312 0.0472222
0 0.531641 0.476389 0.0132813 0.0194444
0 0.601562 0.471528 0.015625 0.0208333
0 0.276172 0.497917 0.0492188 0.0375
0 0.391406 0.477778 0.0171875 0.0222222
0 0.555078 0.469444 0.0117188 0.0166667
0 0.336328 0.488889 0.0304688 0.0222222
0 0.516406 0.470139 0.0109375 0.0152778
0 0.130078 0.521528 0.0648438 0.0430556
0 0.741406 0.511806 0.0859375 0.0680556
0 0.189063 0.514583 0.0640625 0.0458333
0 0.660547 0.510417 0.0914062 0.104167
