0 0.414062 0.478472 0.025 0.0208333
0 0.367578 0.495833 0.0210938 0.0222222
0 0.142188 0.522917 0.0921875 0.0541667
0 0.270703 0.513889 0.0429688 0.0277778
0 0.607813 0.48125 0.01875 0.0319444
0 0.5125 0.483333 0.0171875 0.025
0 0.446875 0.498611 0.04375 0.0527778
0 0.570703 0.4875 0.0210938 0.0305556
0 0.925391 0.627083 0.149219 0.431944
0 0.0269531 0.533333 0.0539063 0.0666667
0 0.532031 0.483333 0.0265625 0.0388889
0 0.628906 0.495139 0.0421875 0.0625
0 0.708594 0.480556 0.0296875 0.0333333
0 0.669922 0.490278 0.0382813 0.0416667
