0 0.569531 0.479861 0.0078125 0.0125
0 0.382422 0.496528 0.0226563 0.0208333
0 0.400781 0.493056 0.0140625 0.0166667
0 0.613672 0.486111 0.0179687 0.0277778
0 0.440234 0.488889 0.0117188 0.0111111
0 0.533984 0.48125 0.00859375 0.0125
0 0.0574219 0.53125 0.0914062 0.0625
0 0.428125 0.490278 0.0125 0.0138889
0 0.591016 0.479861 0.0132813 0.0208333
0 0.298828 0.508333 0.0398437 0.0333333
0 0.558594 0.484028 0.0140625 0.0208333
0 0.627344 0.490972 0.0328125 0.0375
0 0.0855469 0.540972 0.102344 0.0680556
0 0.485938 0.479167 0.0453125 0.0833333
0 0.666406 0.525694 0.078125 0.0875
