0 0.346875 0.488889 0.025 0.0194444
0 0.516406 0.475694 0.0109375 0.0125
0 0.419531 0.477778 0.0171875 0.0222222
0 0.578125 0.471528 0.015625 0.0180556
0 0.226172 0.501389 0.0398437 0.0361111
0 0.383203 0.481944 0.0210938 0.0194444
0 0.271484 0.496528 0.0445312 0.0319444
0 0.0128906 0.517361 0.0257812 0.0763889
0 0.4375 0.486111 0.021875 0.025
0 0.177734 0.508333 0.0585938 0.0361111
0 0.396875 0.509028 0.046875 0.0486111
0 0.0914062 0.514583 0.096875 0.0569444
0 0.535156 0.491667 0.0359375 0.0555556
