0 0.111328 0.5125 0.0648438 0.0444444
0 0.519531 0.475694 0.0109375 0.0152778
0 0.366016 0.484722 0.0179687 0.0166667
0 0.452344 0.484722 0.0171875 0.0194444
0 0.18125 0.505556 0.0546875 0.0388889
0 0.342187 0.490972 0.021875 0.0208333
0 0.213281 0.504861 0.0546875 0.0319444
0 0.0589844 0.518056 0.116406 0.0694444
0 0.313672 0.49375 0.0351562 0.0263889
0 0.432813 0.497222 0.034375 0.0388889
0 0.264062 0.497222 0.04375 0.0333333
0 0.539844 0.497222 0.0375 0.0583333
0 0.0816406 0.618056 0.163281 0.208333
