0 0.287109 0.491667 0.0164062 0.0166667
0 0.620313 0.475694 0.0125 0.0152778
0 0.571875 0.470139 0.009375 0.00972222
0 0.640625 0.477778 0.015625 0.0166667
0 0.682031 0.476389 0.0296875 0.025
0 0.622656 0.479167 0.0109375 0.0138889
0 0.521875 0.476389 0.01875 0.0194444
0 0.608203 0.475 0.0101562 0.0166667
0 0.482031 0.480556 0.0171875 0.0166667
0 0.65625 0.500694 0.0375 0.0402778
0 0.344922 0.498611 0.0382813 0.0361111
0 0.450781 0.486111 0.0203125 0.0222222
0 0.748438 0.484722 0.028125 0.0305556
0 0.705469 0.496528 0.0390625 0.0402778
0 0.803125 0.488889 0.03125 0.0277778
0 0.161719 0.534028 0.154687 0.104167
0 0.910937 0.548611 0.176563 0.197222
