0 0.677344 0.490278 0.021875 0.0277778
0 0.658594 0.497917 0.03125 0.0375
0 0.607813 0.4875 0.0125 0.0194444
0 0.2375 0.498611 0.0625 0.05
0 0.480859 0.482639 0.0117188 0.0125
0 0.453906 0.492361 0.0234375 0.0180556
0 0.636328 0.502778 0.0382813 0.0444444
0 0.589844 0.485417 0.0109375 0.0152778
0 0.713281 0.495833 0.0203125 0.0222222
0 0.572266 0.482639 0.0101562 0.0152778
0 0.851562 0.528472 0.167187 0.148611
0 0.758984 0.5125 0.0632813 0.0527778
0 0.36875 0.488194 0.028125 0.0263889
0 0.133203 0.541667 0.125781 0.0833333
0 0.278906 0.527778 0.0828125 0.0777778
