0 0.521875 0.489583 0.009375 0.00972222
0 0.185156 0.50625 0.040625 0.0291667
0 0.535156 0.4875 0.0109375 0.0138889
0 0.368359 0.500694 0.0179687 0.0180556
0 0.603906 0.484722 0.0171875 0.025
0 0.410547 0.49375 0.0179687 0.0208333
0 0.0679687 0.536111 0.0984375 0.0611111
0 0.657422 0.497222 0.0429688 0.05
0 0.621484 0.489583 0.0179687 0.0236111
0 0.560156 0.486806 0.0140625 0.0236111
0 0.341406 0.503472 0.025 0.0236111
0 0.219531 0.523611 0.0734375 0.0527778
0 0.483594 0.483333 0.0515625 0.0888889
0 0.142578 0.532639 0.0898438 0.0569444
0 0.714063 0.540278 0.109375 0.113889
