0 0.365234 0.501389 0.0226563 0.0194444
0 0.59375 0.482639 0.0109375 0.0180556
0 0.635156 0.494444 0.021875 0.0305556
0 0.439063 0.493056 0.0125 0.0111111
0 0.379687 0.501389 0.025 0.0194444
0 0.480078 0.491667 0.0117188 0.0111111
0 0.559375 0.484722 0.009375 0.0138889
0 0.572656 0.485417 0.0140625 0.0180556
0 0.41875 0.492361 0.021875 0.0236111
0 0.542969 0.488889 0.0171875 0.0277778
0 0.911719 0.513889 0.173438 0.127778
0 0.028125 0.534722 0.05625 0.0638889
0 0.664844 0.529861 0.0828125 0.101389
