0 0.457812 0.485417 0.0125 0.0125
0 0.262891 0.501389 0.0304688 0.0277778
0 0.547656 0.479861 0.009375 0.0125
0 0.341016 0.500694 0.0335938 0.0263889
0 0.319531 0.497917 0.0234375 0.0263889
0 0.378516 0.497222 0.0289063 0.025
0 0.104687 0.530556 0.075 0.05
0 0.560938 0.482639 0.015625 0.0236111
0 0.902344 0.670139 0.195312 0.326389
0 0.0664062 0.531944 0.0640625 0.0416667
0 0.293359 0.502083 0.0398437 0.0319444
0 0.1625 0.517361 0.084375 0.0569444
0 0.41875 0.509028 0.04375 0.0458333
0 0.610937 0.475 0.0734375 0.111111
0 0.230859 0.647222 0.282031 0.263889
