0 0.1125 0.526389 0.0578125 0.0416667
0 0.490625 0.484028 0.009375 0.00972222
0 0.546875 0.479167 0.0125 0.0194444
0 0.545313 0.480556 0.009375 0.0111111
0 0.397656 0.493056 0.0203125 0.0194444
0 0.353125 0.495833 0.021875 0.025
0 0.195703 0.513889 0.0367187 0.0277778
0 0.282422 0.503472 0.0257812 0.0236111
0 0.0566406 0.527778 0.105469 0.0694444
0 0.561328 0.484722 0.0164062 0.025
0 0.210938 0.514583 0.040625 0.0291667
0 0.328906 0.497917 0.0390625 0.0319444
0 0.247656 0.508333 0.0515625 0.0388889
0 0.435937 0.504167 0.0359375 0.0416667
0 0.64375 0.473611 0.120312 0.163889
0 0.386719 0.557639 0.103125 0.129167
0 0.0640625 0.631944 0.128125 0.208333
