0 0.403125 0.490972 0.0125 0.0125
0 0.560156 0.486111 0.0140625 0.0166667
0 0.513672 0.481944 0.00859375 0.0138889
0 0.03125 0.540278 0.0609375 0.0527778
0 0.691406 0.495833 0.0296875 0.0194444
0 0.420312 0.490278 0.009375 0.0111111
0 0.396484 0.493056 0.0148437 0.0138889
0 0.36875 0.495139 0.015625 0.0152778
0 0.567969 0.484722 0.0125 0.0166667
0 0.555469 0.484722 0.0109375 0.0138889
0 0.328516 0.496528 0.0210938 0.0180556
0 0.247266 0.513194 0.0242187 0.0180556
0 0.645703 0.501389 0.0414063 0.0472222
0 0.112891 0.525 0.0992187 0.0555556
0 0.496484 0.490972 0.0179687 0.0263889
0 0.297656 0.502778 0.0234375 0.0222222
0 0.579687 0.490278 0.015625 0.0222222
0 0.528125 0.494444 0.025 0.0388889
0 0.215625 0.659722 0.317187 0.269444
