0 0.367578 0.495139 0.0289063 0.0180556
0 0.383984 0.494444 0.0242187 0.0166667
0 0.0371094 0.525694 0.0742188 0.0875
0 0.151562 0.524306 0.0578125 0.0375
0 0.657812 0.498611 0.046875 0.0527778
0 0.408984 0.489583 0.0195312 0.0152778
0 0.319141 0.503472 0.0304688 0.0208333
0 0.347266 0.496528 0.0289063 0.0236111
0 0.555469 0.481944 0.009375 0.0138889
0 0.0636719 0.538194 0.108594 0.0625
0 0.571875 0.482639 0.0125 0.0180556
0 0.589063 0.488889 0.01875 0.0222222
0 0.255469 0.511111 0.0484375 0.0305556
0 0.191406 0.518056 0.0421875 0.0305556
0 0.496094 0.490278 0.0203125 0.0277778
0 0.528125 0.495139 0.028125 0.0430556
0 0.130859 0.791667 0.261719 0.416667
