0 0.523438 0.479861 0.009375 0.0152778
0 0.419531 0.479167 0.0109375 0.0138889
0 0.339063 0.476389 0.009375 0.0111111
0 0.403125 0.476389 0.009375 0.0111111
0 0.470313 0.48125 0.009375 0.0125
0 0.0972656 0.535417 0.180469 0.115278
0 0.429688 0.484028 0.015625 0.0208333
0 0.901563 0.523611 0.164062 0.102778
0 0.0449219 0.513194 0.0898438 0.0819444
0 0.361328 0.482639 0.0132813 0.0180556
0 0.326953 0.488889 0.0210938 0.0277778
0 0.510547 0.488194 0.0210938 0.0319444
0 0.383594 0.490278 0.0328125 0.0416667
0 0.604688 0.490278 0.0296875 0.0361111
0 0.557031 0.486111 0.0328125 0.05
0 0.309375 0.49375 0.0359375 0.0375
0 0.455469 0.511806 0.0421875 0.0513889
