0 0.221875 0.461806 0.0234375 0.0180556
0 0.447266 0.472222 0.00859375 0.0111111
0 0.352734 0.475694 0.0117188 0.0180556
0 0.0851562 0.469444 0.0484375 0.0222222
0 0.501953 0.475694 0.0117188 0.0152778
0 0.45625 0.473611 0.009375 0.0138889
0 0.410547 0.477083 0.0164062 0.0208333
0 0.333594 0.485417 0.03125 0.0319444
0 0.633203 0.479861 0.0242187 0.0263889
0 0.385156 0.476389 0.0171875 0.025
0 0.473828 0.48125 0.0132813 0.0208333
0 0.314844 0.490972 0.0609375 0.0430556
0 0.151953 0.502083 0.0570313 0.0402778
0 0.237109 0.494444 0.0507812 0.0444444
0 0.51875 0.490278 0.03125 0.0444444
