0 0.50625 0.479167 0.0125 0.0166667
0 0.395312 0.474306 0.0078125 0.00972222
0 0.45625 0.478472 0.009375 0.0125
0 0.0101562 0.463889 0.01875 0.0222222
0 0.412891 0.475 0.00859375 0.0111111
0 0.0320312 0.466667 0.0203125 0.0166667
0 0.384375 0.479167 0.009375 0.0138889
0 0.223828 0.502778 0.0507812 0.0444444
0 0.473437 0.484722 0.0125 0.0222222
0 0.359766 0.488889 0.0226563 0.025
0 0.636719 0.486111 0.0296875 0.0277778
0 0.272266 0.49375 0.0273438 0.0291667
0 0.520703 0.493056 0.0304688 0.0444444
0 0.0679687 0.509028 0.0953125 0.0652778
