0 0.392969 0.491667 0.0109375 0.0111111
0 0.460547 0.4875 0.0148437 0.0166667
0 0.372656 0.494444 0.01875 0.0166667
0 0.407813 0.490972 0.009375 0.0125
0 0.355078 0.495833 0.0226563 0.025
0 0.338281 0.498611 0.021875 0.0222222
0 0.517969 0.470833 0.0265625 0.0444444
0 0.283203 0.502083 0.0539063 0.0458333
0 0.179297 0.513889 0.0726563 0.05
0 0.567578 0.485417 0.0164062 0.0208333
0 0.535937 0.501389 0.03125 0.0472222
0 0.611719 0.482639 0.0328125 0.0430556
0 0.452344 0.522222 0.0515625 0.0638889
