0 0.535937 0.480556 0.009375 0.0111111
0 0.408594 0.488194 0.0203125 0.0180556
0 0.466016 0.488194 0.0117188 0.0125
0 0.426562 0.491667 0.015625 0.0166667
0 0.547656 0.480556 0.009375 0.0138889
0 0.575781 0.483333 0.0171875 0.0277778
0 0.453516 0.486111 0.0132813 0.0166667
0 0.234375 0.502778 0.05625 0.0444444
0 0.358594 0.497222 0.0234375 0.0222222
0 0.510156 0.488889 0.0234375 0.0333333
0 0.621094 0.4875 0.0234375 0.0305556
0 0.294141 0.505556 0.0398437 0.0333333
0 0.720312 0.50625 0.084375 0.0847222
0 0.08125 0.536111 0.1625 0.122222
