0 0.307813 0.525 0.0609375 0.0444444
0 0.564844 0.4875 0.0171875 0.0277778
0 0.634375 0.48125 0.009375 0.0125
0 0.215625 0.515278 0.05625 0.0472222
0 0.554688 0.498611 0.03125 0.0416667
0 0.476562 0.484028 0.0234375 0.0263889
0 0.617188 0.480556 0.0125 0.0194444
0 0.24375 0.526389 0.06875 0.0555556
0 0.938672 0.7125 0.122656 0.363889
0 0.517187 0.495139 0.025 0.0347222
0 0.672266 0.481944 0.0210938 0.0277778
0 0.594922 0.495833 0.0257812 0.0388889
0 0.817187 0.521528 0.09375 0.0708333
0 0.917969 0.547222 0.164062 0.169444
