0 0.530469 0.480556 0.0078125 0.0111111
0 0.416797 0.488889 0.0101562 0.0111111
0 0.394141 0.494444 0.0148437 0.0138889
0 0.404687 0.493056 0.0125 0.0138889
0 0.3375 0.498611 0.0171875 0.0194444
0 0.364453 0.495833 0.0242187 0.0194444
0 0.489453 0.485417 0.0117188 0.0152778
0 0.295703 0.498611 0.0257812 0.0305556
0 0.0609375 0.540972 0.121875 0.0680556
0 0.504687 0.484028 0.01875 0.0291667
0 0.315234 0.502083 0.0367187 0.0319444
0 0.221875 0.517361 0.046875 0.0347222
0 0.582812 0.49375 0.028125 0.0375
0 0.157031 0.515278 0.0390625 0.0333333
