0 0.460156 0.476389 0.009375 0.0138889
0 0.423438 0.485417 0.009375 0.0125
0 0.448438 0.483333 0.0109375 0.0111111
0 0.514844 0.479167 0.009375 0.0138889
0 0.910156 0.457639 0.053125 0.0375
0 0.5625 0.477778 0.0125 0.0166667
0 0.530078 0.479167 0.00859375 0.0111111
0 0.434375 0.482639 0.0125 0.0152778
0 0.394531 0.493056 0.0203125 0.0194444
0 0.948438 0.4625 0.0625 0.0361111
0 0.3125 0.504861 0.03125 0.0236111
0 0.596094 0.483333 0.021875 0.0277778
0 0.654688 0.484028 0.03125 0.0347222
0 0.24375 0.509722 0.0375 0.0305556
