0 0.699219 0.476389 0.0203125 0.0194444
0 0.112891 0.509722 0.0398437 0.0361111
0 0.371484 0.495139 0.0164062 0.0152778
0 0.00390625 0.53125 0.0078125 0.0236111
0 0.646094 0.478472 0.0203125 0.0208333
0 0.386719 0.493056 0.0171875 0.0194444
0 0.496875 0.484722 0.0125 0.0194444
0 0.143359 0.511111 0.0429688 0.0305556
0 0.341016 0.495139 0.0179687 0.0152778
0 0.233594 0.504167 0.0453125 0.0305556
0 0.264844 0.50625 0.0453125 0.0291667
0 0.530469 0.486111 0.0140625 0.0222222
0 0.509375 0.485417 0.0125 0.0208333
0 0.446484 0.477778 0.0320312 0.05
0 0.329688 0.594444 0.184375 0.2
