0 0.623438 0.46875 0.009375 0.0125
0 0.333203 0.493056 0.0210938 0.025
0 0.492188 0.477083 0.0125 0.0152778
0 0.422266 0.482639 0.0164062 0.0263889
0 0.589844 0.470833 0.009375 0.0138889
0 0.366406 0.486806 0.015625 0.0180556
0 0.395703 0.493056 0.0242187 0.025
0 0.652344 0.491667 0.0234375 0.0333333
0 0.435156 0.490278 0.0203125 0.0222222
0 0.459375 0.484722 0.015625 0.0194444
0 0.249219 0.502778 0.046875 0.0388889
0 0.342578 0.49375 0.0304688 0.0291667
0 0.56875 0.483333 0.015625 0.0222222
0 0.532812 0.486111 0.01875 0.0277778
0 0.307031 0.504167 0.0421875 0.0361111
0 0.626562 0.513889 0.05 0.0611111
0 0.0683594 0.559722 0.136719 0.0888889
