0 0.294141 0.481944 0.0304688 0.0361111
0 0.550781 0.470833 0.0140625 0.0194444
0 0.440625 0.463889 0.01875 0.0277778
0 0.471875 0.471528 0.0125 0.0125
0 0.662891 0.479861 0.0398437 0.0402778
0 0.339063 0.478472 0.01875 0.0236111
0 0.649219 0.491667 0.053125 0.0555556
0 0.457031 0.472917 0.0125 0.0180556
0 0.49375 0.480556 0.015625 0.0222222
0 0.534375 0.481944 0.0234375 0.0333333
0 0.307031 0.485417 0.0359375 0.0319444
0 0.813672 0.496528 0.0992187 0.0791667
0 0.958984 0.492361 0.0820312 0.115278
0 0.159375 0.472917 0.10625 0.0986111
0 0.389453 0.528472 0.111719 0.140278
