0 0.282031 0.506944 0.0328125 0.0222222
0 0.394531 0.493056 0.0171875 0.0138889
0 0.0117188 0.521528 0.0234375 0.0597222
0 0.0785156 0.520139 0.125781 0.0652778
0 0.137109 0.490972 0.197656 0.104167
0 0.510938 0.484028 0.0140625 0.0180556
0 0.2875 0.481944 0.101562 0.0638889
0 0.538281 0.482639 0.0125 0.0180556
0 0.319531 0.502778 0.0296875 0.025
0 0.457031 0.489583 0.015625 0.0208333
0 0.209375 0.513889 0.053125 0.0361111
0 0.491797 0.493056 0.0273438 0.0361111
0 0.367188 0.524306 0.0703125 0.0736111
