0 0.483594 0.486806 0.0171875 0.0319444
0 0.191797 0.520833 0.0367187 0.0305556
0 0.371484 0.497222 0.0242187 0.0222222
0 0.251563 0.508333 0.04375 0.0333333
0 0.0761719 0.5375 0.0554687 0.0361111
0 0.206641 0.520139 0.0554687 0.0347222
0 0.340625 0.503472 0.034375 0.0236111
0 0.0191406 0.5375 0.0382813 0.0555556
0 0.528906 0.488194 0.0109375 0.0152778
0 0.146094 0.525694 0.0421875 0.0347222
0 0.460156 0.495833 0.0140625 0.0166667
0 0.296875 0.504861 0.0375 0.0263889
0 0.424219 0.511111 0.0390625 0.0444444
0 0.499219 0.492361 0.0203125 0.0291667
