0 0.447656 0.486111 0.0125 0.0111111
0 0.523438 0.483333 0.009375 0.0111111
0 0.276953 0.4875 0.0195312 0.0194444
0 0.34375 0.500694 0.021875 0.0208333
0 0.480469 0.486111 0.0078125 0.0111111
0 0.429688 0.492361 0.015625 0.0152778
0 0.957031 0.50625 0.0859375 0.0763889
0 0.504687 0.490278 0.01875 0.0305556
0 0.0703125 0.525694 0.123438 0.0736111
0 0.639453 0.493056 0.0304688 0.0416667
0 0.6125 0.506944 0.0453125 0.0527778
0 0.166406 0.527778 0.121875 0.0833333
0 0.864844 0.523611 0.198437 0.147222
