0 0.384375 0.475 0.009375 0.0111111
0 0.434375 0.48125 0.0125 0.0152778
0 0.358594 0.474306 0.0078125 0.00972222
0 0.417188 0.479861 0.015625 0.0208333
0 0.400391 0.486111 0.0226563 0.0277778
0 0.511719 0.4875 0.0203125 0.0305556
0 0.371875 0.484028 0.0140625 0.0180556
0 0.334375 0.483333 0.01875 0.025
0 0.904688 0.525694 0.167187 0.101389
0 0.187109 0.504861 0.0695312 0.0486111
0 0.0609375 0.551389 0.121875 0.186111
0 0.60625 0.490278 0.0296875 0.0361111
0 0.460156 0.509722 0.0390625 0.0472222
0 0.561328 0.486111 0.0351562 0.05
0 0.311328 0.490278 0.0429688 0.0472222
