0 0.00390625 0.510417 0.0078125 0.0319444
0 0.415625 0.479861 0.0140625 0.0180556
0 0.544531 0.486111 0.0140625 0.0166667
0 0.520312 0.483333 0.015625 0.0277778
0 0.438672 0.48125 0.0148437 0.0180556
0 0.344922 0.479167 0.0132813 0.0166667
0 0.398438 0.490278 0.025 0.0277778
0 0.601562 0.494444 0.025 0.0333333
0 0.228125 0.485417 0.034375 0.0319444
0 0.470313 0.504861 0.028125 0.0375
0 0.507812 0.490972 0.01875 0.0291667
0 0.571875 0.49375 0.0375 0.0569444
0 0.368359 0.491667 0.0320312 0.0388889
0 0.911719 0.536806 0.175 0.1125
0 0.314063 0.494444 0.0375 0.0388889
