0 0.257812 0.509722 0.034375 0.0277778
0 0.409375 0.491667 0.025 0.0166667
0 0.885938 0.449306 0.053125 0.0486111
0 0.359766 0.497917 0.0148437 0.0180556
0 0.437891 0.488889 0.0148437 0.0138889
0 0.417969 0.488194 0.0171875 0.0180556
0 0.401563 0.492361 0.015625 0.0152778
0 0.343359 0.499306 0.0226563 0.0208333
0 0.379687 0.495833 0.021875 0.0194444
0 0.232422 0.504861 0.0335938 0.0291667
0 0.279687 0.502083 0.075 0.0430556
0 0.482812 0.490278 0.0140625 0.0194444
0 0.501562 0.488194 0.025 0.0375
0 0.196875 0.519444 0.0578125 0.0388889
0 0.0371094 0.534028 0.0742188 0.0902778
0 0.583594 0.495833 0.0265625 0.0361111
