0 0.426562 0.490972 0.0109375 0.0125
0 0.525781 0.480556 0.009375 0.0138889
0 0.401563 0.491667 0.0171875 0.0166667
0 0.5625 0.482639 0.0125 0.0180556
0 0.539062 0.486111 0.0125 0.0166667
0 0.348047 0.498611 0.0195312 0.0194444
0 0.581641 0.483333 0.0117188 0.0166667
0 0.929688 0.629861 0.140625 0.340278
0 0.116797 0.536111 0.0929687 0.05
0 0.279687 0.506944 0.034375 0.025
0 0.666406 0.490278 0.0359375 0.0416667
0 0.609375 0.494444 0.04375 0.0555556
0 0.235547 0.517361 0.0492188 0.0347222
0 0.794141 0.523611 0.110156 0.0888889
0 0.467969 0.524306 0.059375 0.0736111
