0 0.06875 0.518056 0.0421875 0.0222222
0 0.445312 0.483333 0.009375 0.0111111
0 0.496094 0.483333 0.0109375 0.0138889
0 0.319141 0.497917 0.0242187 0.0208333
0 0.553906 0.481944 0.0109375 0.0138889
0 0.291406 0.500694 0.021875 0.0180556
0 0.533594 0.498611 0.03125 0.0472222
0 0.397266 0.490972 0.0164062 0.0152778
0 0.376953 0.492361 0.0164062 0.0152778
0 0.507812 0.481944 0.0125 0.0194444
0 0.614062 0.490278 0.0265625 0.0305556
0 0.179297 0.515972 0.0742188 0.0486111
0 0.864062 0.536111 0.170312 0.119444
