0 0.539062 0.479861 0.0078125 0.00972222
0 0.460156 0.4875 0.0140625 0.0138889
0 0.441797 0.488889 0.0148437 0.0166667
0 0.905469 0.453472 0.08125 0.0569444
0 0.207422 0.501389 0.147656 0.0861111
0 0.945312 0.439583 0.05 0.0291667
0 0.153906 0.769444 0.307813 0.461111
0 0.427344 0.494444 0.0140625 0.0166667
0 0.346875 0.498611 0.025 0.0277778
0 0.5125 0.484722 0.0125 0.0194444
0 0.365625 0.501389 0.0265625 0.0277778
0 0.395312 0.494444 0.015625 0.0166667
0 0.291797 0.5125 0.0460938 0.0361111
0 0.580469 0.494444 0.0265625 0.0361111
0 0.714844 0.50625 0.0703125 0.0763889
