0 0.565625 0.479861 0.009375 0.0125
0 0.398828 0.484722 0.0117188 0.0138889
0 0.514844 0.479861 0.009375 0.0125
0 0.364844 0.485417 0.0171875 0.0208333
0 0.197266 0.508333 0.0664062 0.0555556
0 0.742969 0.499306 0.0640625 0.0541667
0 0.25625 0.502778 0.084375 0.0722222
0 0.382031 0.488889 0.0171875 0.0222222
0 0.448438 0.50625 0.065625 0.104167
0 0.551562 0.486111 0.015625 0.0222222
0 0.346094 0.489583 0.0203125 0.0236111
0 0.528516 0.488889 0.0195312 0.0277778
0 0.495313 0.484722 0.01875 0.0305556
0 0.578125 0.488889 0.025 0.0333333
