0 0.445703 0.474306 0.0101562 0.0125
0 0.330469 0.492361 0.0203125 0.0180556
0 0.492969 0.479861 0.009375 0.0125
0 0.386719 0.4875 0.0234375 0.0166667
0 0.138672 0.517361 0.0507812 0.0375
0 0.0539063 0.518056 0.0875 0.05
0 0.342187 0.490278 0.03125 0.0222222
0 0.121094 0.5125 0.0625 0.0388889
0 0.431641 0.477778 0.0148437 0.0166667
0 0.244141 0.502083 0.0367187 0.0291667
0 0.367188 0.489583 0.0203125 0.0180556
0 0.313281 0.488889 0.0359375 0.0277778
0 0.285937 0.491667 0.03125 0.0277778
0 0.190234 0.481944 0.0617188 0.0777778
0 0.503516 0.483333 0.0179687 0.0277778
0 0.470313 0.486111 0.0171875 0.025
0 0.544531 0.50625 0.046875 0.0763889
