0 0.0246094 0.547222 0.0492188 0.0666667
0 0.891016 0.455556 0.217969 0.855556
0 0.304688 0.501389 0.021875 0.025
0 0.327734 0.495833 0.0320312 0.0305556
0 0.457031 0.494444 0.0171875 0.025
0 0.169141 0.524306 0.0664062 0.0458333
0 0.276172 0.507639 0.0476562 0.0375
0 0.139844 0.526389 0.0734375 0.0472222
0 0.0757812 0.532639 0.0703125 0.0486111
0 0.544922 0.480556 0.00859375 0.0111111
0 0.582812 0.480556 0.0125 0.0222222
0 0.571094 0.484722 0.0171875 0.0305556
0 0.244141 0.506944 0.0429688 0.0361111
0 0.470313 0.50625 0.034375 0.0458333
0 0.376172 0.547917 0.152344 0.176389
