0 0.319922 0.491667 0.0320312 0.0222222
0 0.365234 0.481944 0.0101562 0.0111111
0 0.332422 0.483333 0.00859375 0.0111111
0 0.407422 0.494444 0.0273438 0.0277778
0 0.383594 0.483333 0.009375 0.0111111
0 0.245312 0.495139 0.0421875 0.0375
0 0.346094 0.4875 0.0140625 0.0138889
0 0.473437 0.485417 0.0125 0.0180556
0 0.455469 0.486806 0.0109375 0.0152778
0 0.398438 0.563194 0.121875 0.148611
0 0.280859 0.497917 0.0429688 0.0319444
0 0.497656 0.482639 0.0125 0.0180556
0 0.178125 0.504861 0.059375 0.0402778
