0 0.395312 0.49375 0.0125 0.0125
0 0.323047 0.502083 0.0179687 0.0152778
0 0.382422 0.495139 0.0101562 0.0125
0 0.372656 0.49375 0.0109375 0.0125
0 0.333594 0.502083 0.0234375 0.0152778
0 0.539062 0.4875 0.009375 0.0138889
0 0.353516 0.495833 0.0132813 0.0138889
0 0.128125 0.518056 0.053125 0.0305556
0 0.494531 0.500694 0.0203125 0.0291667
0 0.641406 0.490278 0.0203125 0.0194444
0 0.519531 0.495139 0.0140625 0.0208333
0 0.193359 0.509028 0.0570313 0.0347222
0 0.585156 0.492361 0.0203125 0.0236111
0 0.724219 0.525 0.104687 0.0888889
0 0.861719 0.486111 0.090625 0.0638889
0 0.0867188 0.571528 0.171875 0.129167
