0 0.626562 0.484028 0.01875 0.0236111
0 0.0824219 0.536806 0.103906 0.0569444
0 0.316797 0.500694 0.0226563 0.0236111
0 0.364453 0.497222 0.0164062 0.0166667
0 0.333594 0.504167 0.03125 0.025
0 0.146094 0.521528 0.0671875 0.0486111
0 0.265625 0.497222 0.0328125 0.0444444
0 0.561719 0.488194 0.0140625 0.0208333
0 0.50625 0.489583 0.015625 0.0236111
0 0.532031 0.492361 0.0203125 0.0319444
0 0.21875 0.514583 0.040625 0.0319444
0 0.590234 0.496528 0.0320312 0.0430556
0 0.794531 0.495833 0.0546875 0.0388889
0 0.436328 0.529167 0.0648438 0.0777778
