0 0.619531 0.484028 0.0125 0.0125
0 0.585547 0.484028 0.0164062 0.0236111
0 0.417969 0.497222 0.01875 0.0194444
0 0.362891 0.493056 0.0257812 0.0305556
0 0.529688 0.488889 0.0140625 0.0222222
0 0.0515625 0.525 0.075 0.0444444
0 0.203906 0.525694 0.0625 0.0569444
0 0.557813 0.488889 0.015625 0.025
0 0.598437 0.509028 0.04375 0.0541667
0 0.510156 0.493056 0.0265625 0.0416667
0 0.263281 0.517361 0.09375 0.0819444
0 0.45625 0.524306 0.05625 0.0708333
0 0.819531 0.524306 0.109375 0.0819444
0 0.321875 0.611111 0.215625 0.205556
