0 0.550781 0.484028 0.0109375 0.0152778
0 0.540625 0.484028 0.009375 0.0125
0 0.567187 0.484028 0.009375 0.0152778
0 0.473437 0.488889 0.009375 0.0111111
0 0.485938 0.488194 0.009375 0.00972222
0 0.369141 0.497222 0.0460938 0.0277778
0 0.452734 0.489583 0.0117188 0.0125
0 0.410156 0.497222 0.021875 0.0194444
0 0.576953 0.486806 0.0164062 0.0236111
0 0.620313 0.491667 0.0234375 0.0305556
0 0.510156 0.49375 0.025 0.0347222
0 0.0886719 0.508333 0.113281 0.0666667
0 0.708594 0.509722 0.0796875 0.0805556
