0 0.466406 0.476389 0.0125 0.0138889
0 0.436719 0.482639 0.0109375 0.0125
0 0.38125 0.490278 0.015625 0.0166667
0 0.519922 0.480556 0.0101562 0.0166667
0 0.420703 0.481944 0.0164062 0.0194444
0 0.0625 0.536111 0.101562 0.0611111
0 0.357812 0.495833 0.025 0.0194444
0 0.555859 0.481944 0.00859375 0.0138889
0 0.538281 0.477083 0.0140625 0.0263889
0 0.707812 0.484722 0.223438 0.202778
0 0.212109 0.510417 0.0382813 0.0291667
0 0.498047 0.497222 0.0289063 0.0444444
0 0.422656 0.547917 0.101562 0.118056
