0 0.558594 0.475 0.0109375 0.0166667
0 0.517187 0.481944 0.009375 0.0138889
0 0.982813 0.513889 0.0328125 0.0555556
0 0.158984 0.504167 0.0835937 0.0416667
0 0.0414063 0.490278 0.0828125 0.122222
0 0.539062 0.493056 0.0375 0.0472222
0 0.321094 0.492361 0.0484375 0.0347222
0 0.263281 0.504167 0.0328125 0.0277778
0 0.611328 0.488194 0.0242187 0.0319444
0 0.496094 0.489583 0.01875 0.0291667
0 0.460547 0.5125 0.0445312 0.0527778
0 0.664062 0.516667 0.0625 0.0666667
0 0.156641 0.6125 0.285156 0.202778
0 0.369141 0.517361 0.0632813 0.0652778
