0 0.644531 0.472222 0.0140625 0.0166667
0 0.501172 0.476389 0.0117188 0.0111111
0 0.582422 0.476389 0.0117188 0.0166667
0 0.210938 0.497222 0.053125 0.0333333
0 0.610937 0.473611 0.0125 0.0138889
0 0.264453 0.502778 0.0445312 0.0361111
0 0.532812 0.480556 0.0125 0.0194444
0 0.59375 0.481944 0.015625 0.0194444
0 0.442187 0.486111 0.0171875 0.0194444
0 0.215625 0.534028 0.09375 0.0680556
0 0.303516 0.509722 0.0507812 0.0444444
0 0.382031 0.49375 0.0265625 0.0263889
0 0.695312 0.540278 0.107813 0.119444
