0 0.409375 0.495833 0.015625 0.0166667
0 0.421094 0.493056 0.0140625 0.0138889
0 0.415625 0.495139 0.021875 0.0152778
0 0.396484 0.494444 0.0132813 0.0166667
0 0.8 0.525 0.114063 0.0944444
0 0.526172 0.481944 0.0101562 0.0138889
0 0.564453 0.482639 0.0117188 0.0180556
0 0.539062 0.488194 0.0125 0.0180556
0 0.58125 0.484028 0.0125 0.0180556
0 0.924219 0.619444 0.151562 0.333333
0 0.353125 0.497917 0.028125 0.0263889
0 0.0550781 0.535417 0.110156 0.0625
0 0.476562 0.520833 0.05 0.0666667
0 0.263672 0.511806 0.0335938 0.0291667
0 0.669141 0.490278 0.0367187 0.0444444
0 0.606641 0.495139 0.0398437 0.0541667
