0 0.571875 0.472222 0.009375 0.0111111
0 0.452344 0.485417 0.0203125 0.0208333
0 0.485156 0.477778 0.0109375 0.0138889
0 0.00507812 0.511111 0.0101562 0.0583333
0 0.582031 0.477083 0.0109375 0.0180556
0 0.608594 0.473611 0.009375 0.0138889
0 0.349219 0.493056 0.03125 0.0305556
0 0.176172 0.532639 0.146094 0.0930556
0 0.0707031 0.522222 0.100781 0.0666667
0 0.558594 0.488194 0.0171875 0.0263889
0 0.597266 0.4875 0.0164062 0.025
0 0.634375 0.4875 0.021875 0.0305556
0 0.503516 0.495833 0.0289063 0.0388889
0 0.258203 0.618056 0.252344 0.208333
