0 0.217969 0.486111 0.0421875 0.0277778
0 0.457422 0.482639 0.00859375 0.00972222
0 0.276563 0.505556 0.03125 0.0222222
0 0.332031 0.499306 0.0328125 0.0208333
0 0.402344 0.489583 0.0140625 0.0125
0 0.670313 0.497917 0.0515625 0.0597222
0 0.553906 0.480556 0.0109375 0.0138889
0 0.573828 0.480556 0.0117188 0.0166667
0 0.253516 0.505556 0.0289063 0.0222222
0 0.603906 0.4875 0.0203125 0.025
0 0.494141 0.488889 0.0210938 0.0333333
0 0.528516 0.495139 0.0304688 0.0486111
0 0.203125 0.514583 0.046875 0.0347222
