0 0.510156 0.486806 0.0109375 0.0125
0 0.480078 0.484028 0.00859375 0.0125
0 0.609375 0.502778 0.01875 0.0361111
0 0.467578 0.483333 0.0117188 0.0138889
0 0.525 0.491667 0.01875 0.0277778
0 0.385938 0.477083 0.0171875 0.0180556
0 0.116797 0.496528 0.152344 0.0958333
0 0.453125 0.483333 0.0125 0.0166667
0 0.426562 0.48125 0.0265625 0.0291667
0 0.548437 0.483333 0.01875 0.0388889
0 0.586719 0.498611 0.0453125 0.0694444
0 0.235547 0.49375 0.0617188 0.0458333
0 0.274609 0.495833 0.102344 0.0722222
0 0.0328125 0.4875 0.065625 0.0555556
0 0.186719 0.754167 0.364062 0.458333
0 0.401563 0.485417 0.021875 0.0263889
0 0.491406 0.494444 0.0203125 0.0305556
0 0.920313 0.546528 0.159375 0.115278
