0 0.120703 0.477778 0.0507812 0.0305556
0 0.415625 0.476389 0.009375 0.0138889
0 0.545703 0.4875 0.0148437 0.0194444
0 0.34375 0.476389 0.0171875 0.0222222
0 0.521875 0.481944 0.015625 0.0277778
0 0.400391 0.481944 0.0210938 0.0305556
0 0.430469 0.479167 0.0171875 0.025
0 0.283203 0.504167 0.0851562 0.0638889
0 0.597656 0.493056 0.0234375 0.0333333
0 0.471094 0.497222 0.0265625 0.0388889
0 0.230078 0.506944 0.0773437 0.0666667
0 0.0902344 0.866667 0.180469 0.266667
0 0.332422 0.486111 0.0320312 0.0361111
0 0.572656 0.491667 0.0390625 0.0583333
0 0.507031 0.4875 0.0171875 0.0305556
0 0.133203 0.508333 0.107031 0.0722222
0 0.9125 0.5375 0.173438 0.113889
