0 0.370703 0.489583 0.0117188 0.0152778
0 0.379297 0.490972 0.0117188 0.0125
0 0.164062 0.503472 0.104687 0.0541667
0 0.218359 0.491667 0.0460938 0.0388889
0 0.500391 0.484722 0.0179687 0.0305556
0 0.357031 0.492361 0.015625 0.0152778
0 0.446875 0.497917 0.01875 0.0263889
0 0.06875 0.507639 0.115625 0.0652778
0 0.341016 0.49375 0.0132813 0.0152778
0 0.565625 0.483333 0.053125 0.0638889
0 0.479688 0.509028 0.0359375 0.0541667
0 0.792578 0.505556 0.141406 0.141667
0 0.323828 0.600694 0.183594 0.1875
