0 0.520312 0.488194 0.009375 0.0125
0 0.450781 0.49375 0.0109375 0.0125
0 0.583203 0.490278 0.0132813 0.0138889
0 0.578906 0.488194 0.0125 0.0152778
0 0.398828 0.501389 0.0164062 0.0166667
0 0.469922 0.493056 0.0101562 0.0111111
0 0.553125 0.488889 0.0125 0.0166667
0 0.352344 0.504167 0.0296875 0.0277778
0 0.432813 0.497222 0.015625 0.0166667
0 0.327344 0.507639 0.0296875 0.0291667
0 0.509375 0.493056 0.015625 0.0222222
0 0.539062 0.493056 0.0171875 0.025
0 0.647656 0.494444 0.0453125 0.05
0 0.204688 0.526389 0.0546875 0.0388889
