0 0.526563 0.470139 0.028125 0.0513889
0 0.494141 0.480556 0.00859375 0.0111111
0 0.558594 0.4875 0.0140625 0.0194444
0 0.51875 0.48125 0.015625 0.0263889
0 0.346094 0.484028 0.0140625 0.0152778
0 0.476172 0.489583 0.0148437 0.0236111
0 0.374219 0.48125 0.0109375 0.0152778
0 0.574219 0.488889 0.0234375 0.0277778
0 0.649219 0.502778 0.0421875 0.0388889
0 0.396875 0.479861 0.0125 0.0152778
0 0.360938 0.485417 0.015625 0.0180556
0 0.461328 0.503472 0.0335938 0.0541667
0 0.532422 0.504167 0.0351562 0.05
0 0.932813 0.530556 0.134375 0.188889
