0 0.846094 0.486111 0.0125 0.0138889
0 0.807031 0.483333 0.0109375 0.0111111
0 0.469141 0.480556 0.0132813 0.0194444
0 0.482422 0.475 0.0101562 0.0111111
0 0.935938 0.4875 0.0421875 0.025
0 0.829687 0.486806 0.0109375 0.0125
0 0.990625 0.489583 0.01875 0.0180556
0 0.059375 0.485417 0.0390625 0.0263889
0 0.5 0.483333 0.025 0.0388889
0 0.597656 0.494444 0.0234375 0.0277778
0 0.609766 0.472917 0.0164062 0.0208333
0 0.353906 0.490972 0.034375 0.0208333
0 0.225391 0.503472 0.0554687 0.0402778
0 0.955469 0.583333 0.0890625 0.138889
0 0.560156 0.472917 0.0859375 0.193056
0 0.432422 0.513889 0.0867188 0.111111
