0 0.455469 0.489583 0.0140625 0.0152778
0 0.446094 0.489583 0.0109375 0.0125
0 0.533594 0.484722 0.0078125 0.0111111
0 0.432813 0.491667 0.015625 0.0166667
0 0.614062 0.485417 0.0140625 0.0180556
0 0.592578 0.48125 0.0132813 0.0208333
0 0.416406 0.491667 0.0140625 0.0166667
0 0.359766 0.497222 0.0195312 0.0222222
0 0.389844 0.495833 0.0203125 0.0222222
0 0.559375 0.486111 0.0140625 0.0222222
0 0.631641 0.492361 0.0351562 0.0402778
0 0.107031 0.533333 0.176563 0.105556
0 0.485156 0.480556 0.046875 0.0833333
0 0.671875 0.527778 0.08125 0.0888889
