0 0.412891 0.494444 0.0179687 0.0166667
0 0.380469 0.495139 0.0203125 0.0208333
0 0.460938 0.494444 0.015625 0.0222222
0 0.373047 0.496528 0.0179687 0.0208333
0 0.341797 0.501389 0.0179687 0.0194444
0 0.219141 0.509722 0.0710938 0.0527778
0 0.496875 0.491667 0.015625 0.0222222
0 0.396094 0.494444 0.0171875 0.0194444
0 0.541016 0.48125 0.00703125 0.00972222
0 0.478516 0.497917 0.0398437 0.0513889
0 0.184766 0.515972 0.0492188 0.0402778
0 0.0328125 0.545833 0.065625 0.0694444
0 0.11875 0.525 0.0515625 0.0416667
0 0.303125 0.50625 0.03125 0.0291667
0 0.578125 0.494444 0.025 0.0333333
