0 0.18125 0.488194 0.04375 0.0263889
0 0.569531 0.479167 0.0078125 0.00833333
0 0.598437 0.480556 0.0125 0.0194444
0 0.392969 0.4875 0.0171875 0.0166667
0 0.521875 0.480556 0.009375 0.0111111
0 0.372656 0.486111 0.0234375 0.0277778
0 0.504687 0.481944 0.009375 0.0138889
0 0.351562 0.495833 0.021875 0.0194444
0 0.318359 0.498611 0.0242187 0.025
0 0.536719 0.486111 0.0171875 0.0277778
0 0.260547 0.504167 0.0585938 0.0333333
0 0.423438 0.50625 0.04375 0.0541667
0 0.0417969 0.532639 0.0835937 0.0652778
