0 0.653125 0.494444 0.01875 0.0166667
0 0.520312 0.484028 0.015625 0.0152778
0 0.467969 0.483333 0.0140625 0.0166667
0 0.503906 0.491667 0.0203125 0.0277778
0 0.564453 0.476389 0.0226563 0.05
0 0.962891 0.480556 0.0742188 0.0833333
0 0.535937 0.490278 0.015625 0.025
0 0.616406 0.498611 0.0609375 0.0861111
0 0.0257812 0.543056 0.0515625 0.0972222
0 0.346094 0.504167 0.040625 0.0361111
0 0.44375 0.488194 0.015625 0.0236111
0 0.289062 0.502778 0.0375 0.0333333
0 0.0953125 0.513194 0.084375 0.0541667
0 0.932813 0.538889 0.134375 0.116667
0 0.388281 0.56875 0.129688 0.148611
