0 0.547266 0.483333 0.0117188 0.0138889
0 0.0449219 0.518056 0.0804688 0.05
0 0.340625 0.497917 0.040625 0.0375
0 0.571094 0.483333 0.0109375 0.0166667
0 0.441797 0.4875 0.0132813 0.0166667
0 0.533594 0.483333 0.0171875 0.0222222
0 0.403906 0.491667 0.0171875 0.0166667
0 0.626562 0.484722 0.015625 0.0166667
0 0.201172 0.501389 0.0398437 0.0305556
0 0.285937 0.481944 0.115625 0.108333
0 0.600781 0.502083 0.0375 0.0486111
0 0.422656 0.495833 0.028125 0.025
0 0.558594 0.485417 0.0140625 0.0208333
0 0.584375 0.484722 0.0171875 0.025
0 0.310156 0.510417 0.0640625 0.0597222
0 0.028125 0.570139 0.05625 0.0986111
0 0.468359 0.514583 0.0429688 0.0569444
0 0.819531 0.518056 0.103125 0.075
0 0.51875 0.558333 0.096875 0.141667
