0 0.478906 0.471528 0.0078125 0.00972222
0 0.239844 0.508333 0.0390625 0.025
0 0.548828 0.472917 0.0117188 0.0180556
0 0.455469 0.476389 0.0109375 0.0138889
0 0.592969 0.475 0.0140625 0.0166667
0 0.580078 0.472222 0.0117188 0.0166667
0 0.515234 0.477083 0.0117188 0.0180556
0 0.105469 0.540972 0.151562 0.0763889
0 0.536719 0.479167 0.0140625 0.0194444
0 0.285937 0.501389 0.0375 0.0361111
0 0.390625 0.488889 0.015625 0.0166667
0 0.189063 0.517361 0.0671875 0.0541667
0 0.652344 0.4875 0.0484375 0.0583333
