0 0.671094 0.48125 0.0203125 0.0236111
0 0.508203 0.482639 0.00859375 0.00972222
0 0.621875 0.486806 0.025 0.0291667
0 0.173047 0.544444 0.0945313 0.0638889
0 0.314453 0.503472 0.0195312 0.0208333
0 0.677344 0.486111 0.0234375 0.0333333
0 0.494531 0.495833 0.0265625 0.0361111
0 0.353125 0.504861 0.05 0.0375
0 0.564844 0.489583 0.0171875 0.0263889
0 0.5375 0.494444 0.0203125 0.0277778
0 0.592969 0.488194 0.0203125 0.0291667
0 0.642187 0.529861 0.071875 0.0875
0 0.428906 0.543056 0.0859375 0.111111
