0 0.401953 0.484028 0.0132813 0.0152778
0 0.457031 0.48125 0.0109375 0.0125
0 0.212109 0.498611 0.0476562 0.0305556
0 0.487109 0.472222 0.0195312 0.0472222
0 0.273438 0.495833 0.03125 0.025
0 0.384375 0.486111 0.015625 0.0166667
0 0.116797 0.469444 0.0445312 0.0305556
0 0.510938 0.484722 0.0125 0.0194444
0 0.187891 0.497222 0.0460938 0.0333333
0 0.472656 0.516667 0.0453125 0.0611111
0 0.0894531 0.505556 0.0867188 0.0555556
0 0.354297 0.508333 0.0445312 0.0444444
0 0.435937 0.502778 0.028125 0.0305556
