0 0.0671875 0.505556 0.0765625 0.0555556
0 0.467969 0.481944 0.009375 0.0111111
0 0.369531 0.4875 0.0171875 0.0138889
0 0.0578125 0.484722 0.103125 0.0861111
0 0.324219 0.485417 0.0203125 0.0263889
0 0.0191406 0.511111 0.0382813 0.0611111
0 0.2875 0.490972 0.028125 0.0208333
0 0.240625 0.490278 0.0578125 0.0361111
0 0.508594 0.480556 0.0109375 0.0166667
0 0.154687 0.497222 0.0625 0.0444444
0 0.483984 0.476389 0.0195312 0.0416667
0 0.445312 0.493056 0.01875 0.025
0 0.392578 0.495833 0.0304688 0.0333333
0 0.223047 0.532639 0.103906 0.0847222
0 0.587891 0.504167 0.0351562 0.0527778
