0 0.355469 0.488194 0.0203125 0.0208333
0 0.339453 0.490278 0.0148437 0.0166667
0 0.202734 0.494444 0.0257812 0.0222222
0 0.160938 0.497222 0.0375 0.0277778
0 0.455859 0.481944 0.00859375 0.0111111
0 0.488281 0.482639 0.0140625 0.0208333
0 0.271094 0.495139 0.0234375 0.0236111
0 0.110156 0.507639 0.0515625 0.0347222
0 0.128906 0.511111 0.059375 0.0388889
0 0.0878906 0.506944 0.0570313 0.0333333
0 0.475391 0.502778 0.0289063 0.0388889
0 0.294141 0.49375 0.0367187 0.0291667
0 0.0125 0.520833 0.0234375 0.0555556
0 0.23125 0.497222 0.046875 0.0333333
0 0.323828 0.535417 0.0945313 0.0930556
0 0.419531 0.535417 0.0734375 0.0958333
