0 0.601172 0.472917 0.0148437 0.0236111
0 0.400781 0.486806 0.0140625 0.0125
0 0.335547 0.494444 0.0195312 0.0166667
0 0.418359 0.485417 0.0117188 0.0125
0 0.593359 0.49375 0.0195312 0.0263889
0 0.360547 0.485417 0.0164062 0.0180556
0 0.253516 0.505556 0.0273438 0.0222222
0 0.0183594 0.525 0.0367187 0.0277778
0 0.466406 0.4875 0.0203125 0.0305556
0 0.493359 0.486806 0.0273438 0.0402778
0 0.653906 0.494444 0.0390625 0.0444444
0 0.555469 0.473611 0.0828125 0.180556
0 0.352344 0.572917 0.151562 0.156944
