0 0.445312 0.472222 0.0125 0.0166667
0 0.391406 0.46875 0.0078125 0.00972222
0 0.494531 0.476389 0.0109375 0.0138889
0 0.440625 0.470139 0.009375 0.0125
0 0.451172 0.472222 0.0101562 0.0138889
0 0.0917969 0.532639 0.149219 0.0763889
0 0.401563 0.480556 0.0125 0.0194444
0 0.330469 0.480556 0.0171875 0.0222222
0 0.469531 0.484028 0.0140625 0.0208333
0 0.348437 0.483333 0.0171875 0.0194444
0 0.373828 0.48125 0.0164062 0.0236111
0 0.2125 0.497917 0.0421875 0.0347222
0 0.516406 0.490278 0.0296875 0.0416667
0 0.2875 0.495833 0.040625 0.0416667
