0 0.315625 0.447222 0.021875 0.0166667
0 0.285937 0.445139 0.0234375 0.0180556
0 0.235156 0.447222 0.028125 0.0166667
0 0.429297 0.482639 0.0117188 0.00972222
0 0.186719 0.446528 0.034375 0.0236111
0 0.306641 0.444444 0.0164062 0.0194444
0 0.260156 0.448611 0.0203125 0.0166667
0 0.320703 0.45 0.0132813 0.0166667
0 0.392969 0.486806 0.0234375 0.0180556
0 0.564844 0.463194 0.0265625 0.0652778
0 0.122266 0.520833 0.147656 0.0861111
0 0.617188 0.488194 0.025 0.0319444
0 0.495313 0.486111 0.021875 0.0333333
0 0.535156 0.514583 0.0515625 0.0791667
0 0.658594 0.491667 0.0484375 0.0555556
0 0.308203 0.583333 0.188281 0.222222
