0 0.30625 0.502778 0.0265625 0.0222222
0 0.463672 0.489583 0.0179687 0.0152778
0 0.367578 0.495139 0.0195312 0.0208333
0 0.0195312 0.526389 0.0375 0.0361111
0 0.435156 0.492361 0.0140625 0.0152778
0 0.534375 0.485417 0.009375 0.0125
0 0.252734 0.509028 0.0289063 0.0236111
0 0.146484 0.51875 0.0382813 0.0319444
0 0.335156 0.502083 0.028125 0.0236111
0 0.278125 0.504861 0.04375 0.0319444
0 0.560938 0.489583 0.015625 0.0208333
0 0.0613281 0.536111 0.100781 0.0527778
0 0.194141 0.513194 0.0617188 0.0402778
0 0.396875 0.511806 0.05 0.0569444
0 0.640625 0.506944 0.0546875 0.0611111
