0 0.453125 0.479167 0.015625 0.0138889
0 0.571094 0.486111 0.0140625 0.0222222
0 0.110156 0.492361 0.0421875 0.0236111
0 0.413672 0.484722 0.0132813 0.0138889
0 0.586328 0.482639 0.0179687 0.0236111
0 0.398047 0.484722 0.0132813 0.0138889
0 0.544922 0.477778 0.0570313 0.122222
0 0.509766 0.48125 0.0132813 0.0208333
0 0.215625 0.511806 0.053125 0.0347222
0 0.484375 0.494444 0.025 0.0333333
0 0.903125 0.491667 0.0890625 0.0611111
0 0.135156 0.520833 0.0765625 0.0416667
0 0.0351562 0.525694 0.0703125 0.0513889
0 0.309375 0.566667 0.178125 0.2
