0 0.0121094 0.518056 0.0195312 0.0194444
0 0.344531 0.488194 0.0390625 0.0291667
0 0.591797 0.476389 0.0132813 0.0194444
0 0.585938 0.484722 0.01875 0.025
0 0.382031 0.488194 0.0203125 0.0208333
0 0.58125 0.490972 0.015625 0.0208333
0 0.549219 0.477778 0.0703125 0.155556
0 0.485938 0.483333 0.015625 0.0222222
0 0.260547 0.504167 0.0273438 0.025
0 0.297266 0.497222 0.0382813 0.0305556
0 0.450781 0.513889 0.0515625 0.0583333
0 0.501562 0.483333 0.01875 0.0277778
0 0.922656 0.505556 0.129688 0.0944444
0 0.610156 0.4875 0.0234375 0.0305556
