0 0.564062 0.482639 0.009375 0.0125
0 0.474219 0.490972 0.0109375 0.0125
0 0.357422 0.502778 0.0320312 0.0333333
0 0.555469 0.483333 0.0109375 0.0138889
0 0.546484 0.481944 0.00859375 0.0111111
0 0.585547 0.473611 0.0195312 0.0305556
0 0.933203 0.694444 0.133594 0.302778
0 0.61875 0.500694 0.05 0.0652778
0 0.0484375 0.553472 0.096875 0.0902778
0 0.283594 0.520139 0.0453125 0.0402778
0 0.439844 0.497222 0.0171875 0.0194444
0 0.384375 0.511111 0.04375 0.0444444
0 0.646875 0.493056 0.034375 0.0416667
0 0.316406 0.53125 0.0765625 0.0652778
0 0.202344 0.535417 0.115625 0.0986111
