0 0.525 0.486806 0.009375 0.0125
0 0.456641 0.488889 0.0101562 0.0111111
0 0.228125 0.493056 0.034375 0.0222222
0 0.540625 0.486111 0.009375 0.0111111
0 0.492188 0.501389 0.034375 0.0472222
0 0.401953 0.495833 0.0210938 0.0194444
0 0.425781 0.488889 0.0171875 0.0222222
0 0.375781 0.49375 0.0234375 0.0208333
0 0.586719 0.489583 0.0171875 0.0236111
0 0.121875 0.540278 0.120312 0.0694444
0 0.274219 0.5125 0.0421875 0.0361111
0 0.559375 0.4875 0.015625 0.025
0 0.614062 0.490972 0.03125 0.0347222
0 0.954297 0.570833 0.0914062 0.161111
