0 0.292188 0.504167 0.0359375 0.025
0 0.45625 0.484722 0.015625 0.0138889
0 0.396094 0.492361 0.0234375 0.0208333
0 0.146094 0.520139 0.0296875 0.0263889
0 0.173047 0.516667 0.0398437 0.0333333
0 0.650781 0.475694 0.0140625 0.0180556
0 0.603125 0.479861 0.0125 0.0180556
0 0.372656 0.497222 0.0203125 0.0222222
0 0.216406 0.513889 0.04375 0.0277778
0 0.589063 0.486806 0.01875 0.0263889
0 0.0824219 0.579167 0.163281 0.258333
0 0.547266 0.475 0.0570313 0.138889
0 0.419531 0.502083 0.0390625 0.0430556
0 0.482031 0.49375 0.0296875 0.0458333
0 0.337891 0.529861 0.0804688 0.0819444
0 0.871094 0.640278 0.257812 0.436111
