0 0.373437 0.486806 0.009375 0.00972222
0 0.48125 0.479167 0.00625 0.00833333
0 0.515625 0.482639 0.0109375 0.0152778
0 0.509375 0.479861 0.009375 0.0125
0 0.38125 0.4875 0.015625 0.0138889
0 0.49375 0.479861 0.009375 0.0152778
0 0.420312 0.483333 0.0125 0.0166667
0 0.402734 0.485417 0.0101562 0.0125
0 0.528516 0.501389 0.0304688 0.0416667
0 0.339453 0.486111 0.0367187 0.0361111
0 0.544531 0.482639 0.0140625 0.0208333
0 0.0476562 0.516667 0.0953125 0.0666667
0 0.414062 0.538194 0.08125 0.0819444
