0 0.435937 0.484722 0.0140625 0.0138889
0 0.575 0.471528 0.009375 0.0125
0 0.261719 0.493056 0.0328125 0.0222222
0 0.563281 0.476389 0.0140625 0.0194444
0 0.162109 0.523611 0.0726563 0.0416667
0 0.213281 0.504167 0.040625 0.0277778
0 0.133984 0.505556 0.107031 0.0666667
0 0.0578125 0.534722 0.115625 0.0916667
0 0.546875 0.497917 0.03125 0.0458333
0 0.289453 0.502083 0.0398437 0.0291667
0 0.339844 0.491667 0.0296875 0.0277778
0 0.468359 0.491667 0.0273438 0.0305556
0 0.517187 0.484722 0.021875 0.0305556
