0 0.326953 0.497917 0.0148437 0.0152778
0 0.410937 0.488194 0.009375 0.00972222
0 0.374219 0.491667 0.0140625 0.0166667
0 0.314063 0.498611 0.025 0.0194444
0 0.537891 0.498611 0.0351562 0.0527778
0 0.557031 0.481944 0.0140625 0.0138889
0 0.580859 0.480556 0.0132813 0.0166667
0 0.0332031 0.505556 0.0335938 0.025
0 0.659766 0.490972 0.0257812 0.0263889
0 0.497656 0.490278 0.0234375 0.0361111
0 0.271094 0.502778 0.0390625 0.0277778
0 0.735937 0.50625 0.0671875 0.0625
0 0.133203 0.515278 0.0648438 0.0472222
0 0.20625 0.507639 0.040625 0.0319444
