0 0.446094 0.484722 0.0109375 0.0138889
0 0.429297 0.486806 0.0117188 0.0125
0 0.308203 0.500694 0.0257812 0.0236111
0 0.411328 0.490972 0.0164062 0.0180556
0 0.601172 0.484722 0.0195312 0.0305556
0 0.537109 0.501389 0.0335938 0.0527778
0 0.508203 0.484028 0.0117188 0.0180556
0 0.394531 0.492361 0.0140625 0.0180556
0 0.560156 0.48125 0.0203125 0.0319444
0 0.198437 0.526389 0.078125 0.0527778
0 0.0328125 0.528472 0.065625 0.0680556
0 0.355469 0.497917 0.0234375 0.0236111
0 0.585938 0.495833 0.028125 0.0416667
0 0.921094 0.523611 0.154687 0.102778
0 0.0894531 0.525 0.117969 0.0833333
