0 0.421875 0.486111 0.009375 0.0111111
0 0.479688 0.477083 0.0109375 0.0125
0 0.457031 0.48125 0.009375 0.0125
0 0.440234 0.490278 0.0117188 0.0138889
0 0.50625 0.480556 0.009375 0.0111111
0 0.533594 0.479861 0.0109375 0.0152778
0 0.580469 0.484028 0.0171875 0.0208333
0 0.604297 0.483333 0.0226563 0.0277778
0 0.402734 0.496528 0.0242187 0.0319444
0 0.557813 0.486806 0.01875 0.0263889
0 0.780859 0.508333 0.0960938 0.0944444
0 0.365625 0.504167 0.034375 0.0388889
0 0.729688 0.552778 0.134375 0.133333
0 0.954687 0.527083 0.090625 0.1125
