0 0.204297 0.506944 0.0289063 0.0277778
0 0.474609 0.483333 0.0101562 0.0138889
0 0.357812 0.489583 0.015625 0.0152778
0 0.0253906 0.507639 0.0492188 0.0986111
0 0.188672 0.509028 0.0617188 0.0347222
0 0.096875 0.4875 0.19375 0.122222
0 0.401953 0.485417 0.0117188 0.0125
0 0.371094 0.486806 0.0140625 0.0152778
0 0.385547 0.4875 0.0164062 0.0166667
0 0.559766 0.480556 0.0132813 0.0194444
0 0.313281 0.494444 0.021875 0.0166667
0 0.5375 0.476389 0.015625 0.0305556
0 0.277734 0.495139 0.0492188 0.0319444
0 0.503516 0.503472 0.0367187 0.0513889
0 0.432422 0.495139 0.0382813 0.0458333
0 0.583203 0.493056 0.0289063 0.0361111
