0 0.379687 0.484722 0.015625 0.0138889
0 0.404687 0.48125 0.015625 0.0152778
0 0.315234 0.493056 0.0226563 0.0194444
0 0.347656 0.488194 0.028125 0.0236111
0 0.457812 0.483333 0.0140625 0.0222222
0 0.279687 0.495833 0.040625 0.025
0 0.535547 0.474306 0.0164062 0.0291667
0 0.0265625 0.527778 0.053125 0.05
0 0.121484 0.515278 0.0679687 0.0388889
0 0.21875 0.501389 0.05625 0.0388889
0 0.497266 0.497222 0.0304688 0.0444444
0 0.471094 0.486111 0.0234375 0.0305556
0 0.566406 0.489583 0.0265625 0.0375
