0 0.408203 0.483333 0.0132813 0.0194444
0 0.55625 0.479861 0.0078125 0.00972222
0 0.457031 0.484028 0.0109375 0.0125
0 0.425781 0.486111 0.0125 0.0111111
0 0.199219 0.511806 0.0359375 0.0291667
0 0.394531 0.490278 0.015625 0.0138889
0 0.58125 0.48125 0.009375 0.0125
0 0.295703 0.502083 0.0289063 0.0236111
0 0.546094 0.495139 0.0234375 0.0347222
0 0.343359 0.494444 0.0335938 0.0277778
0 0.591406 0.485417 0.0140625 0.0208333
0 0.752344 0.495139 0.0671875 0.0680556
0 0.0296875 0.535417 0.059375 0.0569444
0 0.119141 0.516667 0.0835937 0.0555556
