0 0.65625 0.464583 0.009375 0.0125
0 0.635938 0.470833 0.0125 0.0194444
0 0.719531 0.447917 0.01875 0.0208333
0 0.578125 0.471528 0.0125 0.0208333
0 0.596484 0.481944 0.0179687 0.0333333
0 0.254687 0.497917 0.0515625 0.0347222
0 0.566797 0.481944 0.0132813 0.0194444
0 0.0445312 0.779167 0.0890625 0.441667
0 0.548437 0.502778 0.0328125 0.0444444
0 0.646484 0.479861 0.0210938 0.0263889
0 0.203516 0.508333 0.0648438 0.0388889
0 0.698438 0.486806 0.0359375 0.0402778
0 0.611719 0.493056 0.0421875 0.0611111
