0 0.43125 0.476389 0.0125 0.0138889
0 0.509375 0.475 0.009375 0.0111111
0 0.421875 0.479861 0.0125 0.0152778
0 0.562891 0.472222 0.0101562 0.0166667
0 0.765234 0.486806 0.0710938 0.0458333
0 0.587109 0.472222 0.0132813 0.0166667
0 0.326953 0.49375 0.0242187 0.0236111
0 0.282813 0.504861 0.0375 0.0291667
0 0.682813 0.48125 0.03125 0.0291667
0 0.980469 0.488194 0.0390625 0.0458333
0 0.403125 0.471528 0.021875 0.0375
0 0.534375 0.49375 0.034375 0.0541667
0 0.494141 0.4875 0.0242187 0.0361111
0 0.1125 0.523611 0.11875 0.0722222
