0 0.401563 0.491667 0.0140625 0.0138889
0 0.388672 0.489583 0.0210938 0.0180556
0 0.980469 0.485417 0.0390625 0.0319444
0 0.350391 0.499306 0.0210938 0.0208333
0 0.43125 0.490278 0.009375 0.0111111
0 0.323438 0.501389 0.0234375 0.0194444
0 0.601562 0.481944 0.015625 0.0194444
0 0.521094 0.482639 0.0109375 0.0152778
0 0.0140625 0.553472 0.028125 0.0708333
0 0.578516 0.482639 0.0132813 0.0180556
0 0.535156 0.486111 0.0125 0.0166667
0 0.557031 0.48125 0.0109375 0.0180556
0 0.64375 0.502778 0.06875 0.0861111
0 0.246875 0.508333 0.034375 0.0333333
0 0.769141 0.516667 0.0945313 0.0777778
