0 0.0691406 0.559028 0.136719 0.118056
0 0.435156 0.4875 0.0171875 0.0138889
0 0.326172 0.499306 0.0335938 0.0236111
0 0.151562 0.519444 0.046875 0.0333333
0 0.413672 0.488889 0.0148437 0.0138889
0 0.624219 0.499306 0.0578125 0.0708333
0 0.535937 0.488889 0.0125 0.0166667
0 0.579687 0.484722 0.0125 0.0166667
0 0.366797 0.493056 0.0335938 0.025
0 0.522656 0.481944 0.0109375 0.0166667
0 0.652344 0.491667 0.0296875 0.0444444
0 0.557813 0.483333 0.0125 0.0166667
0 0.263281 0.508333 0.0296875 0.0222222
0 0.180469 0.757639 0.360938 0.448611
0 0.778125 0.525 0.10625 0.0833333
