0 0.451562 0.484028 0.01875 0.0180556
0 0.496875 0.480556 0.009375 0.0111111
0 0.446875 0.4875 0.0203125 0.0194444
0 0.191406 0.511111 0.0421875 0.0361111
0 0.558203 0.479861 0.0101562 0.0152778
0 0.535156 0.483333 0.0109375 0.0166667
0 0.403125 0.4875 0.01875 0.0194444
0 0.48125 0.480556 0.015625 0.0166667
0 0.4125 0.4875 0.03125 0.025
0 0.320312 0.498611 0.0546875 0.0472222
0 0.366406 0.497917 0.0421875 0.0319444
0 0.522656 0.488194 0.015625 0.0208333
0 0.648438 0.4875 0.034375 0.0416667
0 0.580469 0.483333 0.0171875 0.0277778
0 0.224609 0.522222 0.100781 0.0694444
0 0.0585938 0.553472 0.117188 0.0958333
0 0.952344 0.534028 0.0953125 0.1125
0 0.608594 0.506944 0.0515625 0.0694444
