0 0.442969 0.480556 0.0234375 0.025
0 0.610547 0.467361 0.00859375 0.0125
0 0.358984 0.484722 0.0226563 0.025
0 0.330859 0.498611 0.0570313 0.0472222
0 0.588281 0.472222 0.0109375 0.0166667
0 0.458203 0.48125 0.0195312 0.0236111
0 0.434375 0.484028 0.021875 0.0263889
0 0.601953 0.480556 0.0148437 0.0222222
0 0.389062 0.490278 0.0265625 0.025
0 0.563281 0.484028 0.0171875 0.0236111
0 0.642187 0.486806 0.025 0.0319444
0 0.503906 0.526389 0.0671875 0.0861111
0 0.0367187 0.524306 0.0734375 0.1375
0 0.157031 0.513889 0.0765625 0.0555556
