0 0.515625 0.472222 0.0140625 0.0194444
0 0.508594 0.469444 0.0140625 0.0222222
0 0.416406 0.493056 0.0125 0.0138889
0 0.521094 0.475694 0.0109375 0.0180556
0 0.601562 0.470833 0.0140625 0.0194444
0 0.428125 0.490278 0.0125 0.0138889
0 0.365234 0.500694 0.0289063 0.0236111
0 0.390625 0.495139 0.015625 0.0180556
0 0.636719 0.468056 0.0140625 0.0194444
0 0.530078 0.48125 0.0132813 0.0180556
0 0.564062 0.481944 0.01875 0.0277778
0 0.617578 0.481944 0.0304688 0.0361111
0 0.744922 0.472917 0.0585938 0.0513889
0 0.810547 0.496528 0.0867188 0.0736111
