0 0.477344 0.4875 0.0109375 0.0138889
0 0.34375 0.504167 0.0234375 0.0222222
0 0.453906 0.490278 0.0140625 0.0138889
0 0.544531 0.479861 0.0078125 0.00972222
0 0.370703 0.500694 0.0445312 0.0402778
0 0.560938 0.481944 0.009375 0.0138889
0 0.577344 0.488889 0.0140625 0.0166667
0 0.295703 0.511111 0.0320312 0.0305556
0 0.513672 0.490278 0.0132813 0.0194444
0 0.423438 0.49375 0.028125 0.0263889
0 0.309375 0.5125 0.0375 0.0305556
0 0.139844 0.532639 0.0421875 0.0402778
0 0.0207031 0.559722 0.0398437 0.075
0 0.0867188 0.535417 0.0953125 0.0652778
0 0.676562 0.533333 0.090625 0.1
