0 0.444531 0.48125 0.0109375 0.0152778
0 0.355469 0.495139 0.01875 0.0180556
0 0.560547 0.480556 0.0101562 0.0166667
0 0.503906 0.479861 0.0078125 0.00972222
0 0.273438 0.498611 0.025 0.0222222
0 0.594531 0.488194 0.0234375 0.0263889
0 0.183984 0.505556 0.0445312 0.0277778
0 0.0894531 0.514583 0.0773437 0.0513889
0 0.755078 0.535417 0.0648438 0.0569444
0 0.0453125 0.528472 0.090625 0.0486111
0 0.478125 0.488889 0.015625 0.0222222
0 0.530859 0.491667 0.0257812 0.0416667
0 0.407813 0.516667 0.0875 0.116667
