0 0.222266 0.497917 0.0257812 0.0180556
0 0.380859 0.494444 0.0257812 0.0194444
0 0.6 0.491667 0.0125 0.0166667
0 0.345703 0.502778 0.0445312 0.0222222
0 0.0285156 0.542361 0.0570313 0.0375
0 0.0863281 0.538194 0.0742188 0.0430556
0 0.517578 0.49375 0.0132813 0.0152778
0 0.153516 0.530556 0.0773437 0.0472222
0 0.533984 0.497222 0.0132813 0.0166667
0 0.496875 0.501389 0.021875 0.0305556
0 0.580859 0.494444 0.0304688 0.0416667
0 0.703906 0.491667 0.0453125 0.0527778
0 0.882031 0.629167 0.232812 0.377778
