0 0.659375 0.454167 0.009375 0.0138889
0 0.628516 0.476389 0.0226563 0.025
0 0.457422 0.470833 0.0117188 0.0138889
0 0.646094 0.46875 0.0140625 0.0180556
0 0.595312 0.463889 0.009375 0.0111111
0 0.433984 0.476389 0.0164062 0.0138889
0 0.562109 0.469444 0.0117188 0.0166667
0 0.542578 0.472917 0.0132813 0.0180556
0 0.400781 0.475694 0.0171875 0.0180556
0 0.583594 0.473611 0.0140625 0.0194444
0 0.298047 0.490972 0.0335938 0.0236111
0 0.119531 0.513889 0.120312 0.0694444
0 0.894531 0.502083 0.0921875 0.0625
0 0.488672 0.488194 0.0367187 0.0458333
0 0.138281 0.758333 0.276563 0.425
