0 0.384375 0.491667 0.025 0.0194444
0 0.603125 0.485417 0.01875 0.0263889
0 0.558594 0.482639 0.0140625 0.0180556
0 0.430469 0.484722 0.021875 0.0194444
0 0.408594 0.488889 0.0265625 0.0222222
0 0.335938 0.495139 0.034375 0.0291667
0 0.366406 0.496528 0.0203125 0.0180556
0 0.0242187 0.552083 0.0484375 0.0763889
0 0.574219 0.490278 0.0203125 0.025
0 0.622656 0.497222 0.05 0.0666667
0 0.510938 0.486111 0.015625 0.025
0 0.482422 0.485417 0.0164062 0.0263889
0 0.734375 0.501389 0.05625 0.0472222
0 0.5375 0.490972 0.0171875 0.0263889
0 0.279297 0.503472 0.0523437 0.0375
0 0.229687 0.505556 0.046875 0.0444444
0 0.875 0.620139 0.25 0.409722
