0 0.442969 0.491667 0.0140625 0.0166667
0 0.503516 0.48125 0.0101562 0.0125
0 0.436328 0.492361 0.0179687 0.0180556
0 0.490234 0.48125 0.0117188 0.0152778
0 0.521875 0.48125 0.0109375 0.0180556
0 0.457812 0.488889 0.01875 0.0222222
0 0.384766 0.498611 0.0226563 0.025
0 0.408594 0.49375 0.0265625 0.0291667
0 0.335156 0.50625 0.0703125 0.0597222
0 0.280469 0.519444 0.0578125 0.05
0 0.902344 0.522222 0.15 0.0944444
0 0.602344 0.497917 0.0296875 0.0375
0 0.0617188 0.563194 0.123438 0.0902778
0 0.54375 0.495139 0.025 0.0402778
0 0.570312 0.484028 0.021875 0.0319444
